1.053646085041379483e+88
2.380984252960398568e+86
3.903659915687941769e+84
6.691062289519926168e+82
1.724569109153460371e+81
3.215516328656771746e+79
6.265323815963078240e+77
1.814268549642570592e+76
3.844715069038453447e+74
8.513550378887177946e+72
2.769101211509555593e+71
6.667792966749219609e+69
1.677534728767849633e+68
6.127307358967212995e+66
1.676040108956707940e+65
4.789699866409856513e+63
1.964168116323519459e+62
6.101800859954418616e+60
1.980205895887844434e+59
9.115010243488383013e+57
3.215115165033568935e+56
1.184604439717782265e+55
6.119313979589425128e+53
2.450188282126580539e+52
1.024704760705415388e+51
5.939070263911766180e+49
2.698805580861549094e+48
1.280834321140473521e+47
8.327451855848481718e+45
4.293605669220763113e+44
2.311886183742724325e+43
1.685758213997747576e+42
9.859700169716574716e+40
6.021888442045341407e+39
4.923592183620825741e+38
3.265960985240107566e+37
2.262074324461172326e+36
2.073422719547263253e+35
1.559478536000915940e+34
1.224627929639161942e+33
1.258135676184678056e+32
1.072712040415001159e+31
9.548560204768226381e+29
1.099292316013473780e+29
1.062265371435422688e+28
1.071561310205826867e+27
1.382139888843878440e+26
1.513329453119656943e+25
1.729589683571337936e+24
2.063326954249132725e+23
3.099410589062903575e+22
4.012418668581781766e+21
5.421384919153950720e+20
9.119057730189182566e+19
1.336842544605417882e+19
2.045249208107726848e+18
3.851284385260830080e+17
6.391693257413492800e+16
1.106922044719649400e+16
2.332798028953295000e+15
4.381596404793361875e+14
8.586741578785796875e+13
2.024682233029933594e+13
4.302346868053785645e+12
9.537572074077707520e+11
2.515265841016401367e+11
6.044379373526450348e+10
1.515084842452988625e+10
4.467088228271105766e+09
1.213407557959252596e+09
3.437373138452409506e+08
1.132517110321476310e+08
3.475309654363635182e+07
1.111941834745308384e+07
4.091389384082167409e+06
1.417353377669222886e+06
5.118011044575860724e+05
2.101509606103335682e+05
8.211138886654128146e+04
3.342946335147296486e+04
1.530282205519838863e+04
6.735803310645309466e+03
3.087763357276050556e+03
1.573696412007161143e+03
7.790771627656806686e+02
4.013987878130562876e+02
2.273466097316794787e+02
1.263003881508187192e+02
7.295050518934458239e+01
4.579688484713178553e+01
2.845710227679735027e+01
1.835798486204136282e+01
1.272497746807476560e+01
8.801496303464560356e+00
6.306628509867395316e+00
4.799065581774142331e+00
3.668263359191247908e+00
2.895314480194038698e+00
2.397925118149536683e+00
2.003787707450660704e+00
1.720805635271700940e+00
1.531703137166840367e+00
1.377754575961381178e+00
1.265390444839938677e+00
1.190057889420006676e+00
1.129334683607911671e+00
1.086099355941095856e+00
1.058188291372306855e+00
1.036808496019535841e+00
1.022575741930139115e+00
1.014064669824903397e+00
1.008082043770102132e+00
1.004477289837111931e+00
1.002532704972652899e+00
1.001304277122116115e+00
1.000645740859830823e+00
1.000329212528902278e+00
1.000150990928623695e+00
1.000066499565527511e+00
1.000030457628103164e+00
1.000012407331474451e+00
1.000004850629300668e+00
1.000001992704860010e+00
1.000000719927690129e+00
1.000000249519028772e+00
1.000000091847384143e+00
1.000000029398871337e+00
1.000000009024778480e+00
1.000000002974274604e+00
1.000000000842793613e+00
1.000000000228982833e+00
1.000000000067524653e+00
1.000000000016928015e+00
1.000000000004068301e+00
1.000000000001072920e+00
1.000000000000237810e+00
1.000000000000050404e+00
1.000000000000011768e+00
1.000000000000002220e+00
1.000000000000000444e+00
1.000000000000000000e+00
1.000000000000000000e+00
1.000000000000000000e+00
1.000000000000000000e+00
1.000000000000000000e+00
1.000000000000000000e+00
1.000000000000000000e+00
1.000000000000000000e+00
1.000000000000000000e+00
1.000000000000000000e+00
