0.000000000000000000e+00
0.000000000000000000e+00
0.000000000000000000e+00
0.000000000000000000e+00
0.000000000000000000e+00
0.000000000000000000e+00
0.000000000000000000e+00
8.963677627086183066e-248
2.659358287124078816e-248
1.005294411156905156e-248
4.141292515411275599e-249
1.547444427664374835e-249
5.772047627224828525e-250
2.356116289670207655e-250
8.736361010893219349e-251
3.231270285724833498e-251
1.306234493026074490e-251
4.792378653035526202e-252
1.758754396408307001e-252
7.056098253705735621e-253
2.559301825241407103e-253
9.291448024056890748e-254
3.700384630011633430e-254
1.329683886362852596e-254
4.766820785553779628e-255
1.882803944813729416e-255
6.709037784087548100e-256
2.386326998120621250e-256
9.338137088531377076e-257
3.292452163569021682e-257
1.158262556360130653e-257
4.491220062651116617e-258
1.568537727567511835e-258
5.477471905682551137e-259
2.102777114496297108e-259
7.273530399087870282e-260
2.515381594398591493e-260
9.579648242443285879e-261
3.281089976483426063e-261
1.123393038894441426e-261
4.242419696794008658e-262
1.439407287341536480e-262
4.884263575606821383e-263
1.827388019752972092e-263
6.146857142642084583e-264
2.067396763249991564e-264
7.678357706292636699e-265
2.560639550334178488e-265
8.528601289682817462e-266
2.833160982124307254e-266
1.045371083683659125e-266
3.445506029256339442e-267
1.136747966421772169e-267
4.160607633034634561e-268
1.363092147724674331e-268
4.474734486138155365e-269
1.626453036372651176e-269
5.311190449964521795e-270
1.735338460012530033e-270
6.289603846886489175e-271
2.053554120621950492e-271
6.691352490831503116e-272
2.428920382024020763e-272
7.942197597436399350e-273
2.603015274203230011e-273
9.504362051320901651e-274
3.131920050850503565e-274
1.040692540628187660e-274
3.845000003785403656e-275
1.294885672807701298e-275
4.400664821653671359e-276
1.670567130321867780e-276
5.827791559365804148e-277
2.066834602199321093e-277
8.202406073645290561e-278
3.027195752753946762e-278
1.146492532224940355e-278
4.858941179549712762e-279
1.946218590251537920e-279
8.054512198739490985e-280
3.724480611813860366e-280
1.650659141462996248e-280
7.598187537023339720e-281
3.880884702313883866e-281
1.923875675838921880e-281
9.919060731794672427e-282
5.619867510644060121e-282
3.122604585655483361e-282
1.803745197628431647e-282
1.132391709298770408e-282
7.036522542216362838e-283
4.539363755452970522e-283
3.146501460629062018e-283
2.176345323433786886e-283
1.559440023257818968e-283
1.186665052706091758e-283
9.070515928271583710e-284
7.159245072892048361e-284
5.929350249002439282e-284
4.954766544965799934e-284
4.255036679901893832e-284
3.787442868697324616e-284
3.406774209048244309e-284
3.128931383779408665e-284
2.942656548346405703e-284
2.792506256660950313e-284
2.685598247219009720e-284
2.616582548356920869e-284
2.563716721108963780e-284
2.528523385226297191e-284
2.507478054333922322e-284
2.492684812851314668e-284
2.483771336573901592e-284
2.478962960917482402e-284
2.475925426953218308e-284
2.474297064113254178e-284
2.473514384401598803e-284
2.473073695789910821e-284
2.472864773967616318e-284
2.472775653056675880e-284
2.472731020082056679e-284
2.472712334622018485e-284
2.472705267831280924e-284
2.472702120634739727e-284
2.472700957455083118e-284
2.472700567580353379e-284
2.472700413163894481e-284
2.472700362784868165e-284
2.472700347823785097e-284
2.472700342553271242e-284
2.472700341035500886e-284
2.472700340636263253e-284
2.472700340511153068e-284
2.472700340479354910e-284
2.472700340471948231e-284
2.472700340469883106e-284
2.472700340469419908e-284
2.472700340469324342e-284
2.472700340469300749e-284
2.472700340469296270e-284
2.472700340469295374e-284
2.472700340469295374e-284
2.472700340469295374e-284
2.472700340469295374e-284
2.472700340469295374e-284
2.472700340469295374e-284
2.472700340469295374e-284
2.472700340469295374e-284
2.472700340469295374e-284
2.472700340469295374e-284
