9.967884620910430849e-41
8.549578129198115760e-41
7.393088255364099461e-41
6.397735991672909370e-41
5.529814758059636229e-41
4.716277275147037250e-41
4.073549952554250101e-41
3.516716061228561488e-41
2.994829047916565911e-41
2.582969359367644443e-41
2.227601998552144919e-41
1.918969337233504416e-41
1.631413913579681758e-41
1.404139371475069954e-41
1.209114560578250220e-41
1.039548990886109958e-41
8.820884735477118654e-42
7.577358695212112115e-42
6.513362154859936828e-42
5.511862825993909540e-42
4.733293549894258395e-42
4.058173437566931898e-42
3.481732934449762403e-42
2.940340422171918633e-42
2.520202296959793061e-42
2.156721028492942128e-42
1.820479269924108644e-42
1.556470705485316898e-42
1.331423709404273510e-42
1.137193565737886376e-42
9.578593286161383560e-43
8.175396052509220899e-43
6.978429397155494819e-43
5.864408983250348077e-43
5.000142895133611520e-43
4.259954776416405721e-43
3.628140873541786354e-43
3.043110852658316453e-43
2.589071884673633254e-43
2.202042592095908174e-43
1.871454504425484995e-43
1.566663270097429001e-43
1.329904587089253856e-43
1.129093755321442733e-43
9.431089074041911999e-44
8.000436091035719889e-44
6.777023477549466009e-44
5.742548538937977233e-44
4.786500861838045340e-44
4.052364480750599621e-44
3.426293315889646925e-44
2.852810747727591767e-44
2.410426925609931771e-44
2.035930584822786719e-44
1.718570062510851268e-44
1.427560816548612643e-44
1.204300457389583274e-44
1.014954262742907290e-44
8.420014283473065985e-45
7.090379065213787901e-45
5.970840653166935871e-45
5.022866385486742170e-45
4.158466987730976571e-45
3.496275505747457830e-45
2.938595805602366623e-45
2.468609019637092038e-45
2.039879587846979882e-45
1.712640400092711534e-45
1.436975870987115184e-45
1.186516668930254956e-45
9.950047701358011662e-46
8.343330305695661646e-46
6.992810934324474628e-46
5.765624427708016440e-46
4.831940751185716270e-46
4.048030883973839047e-46
3.337343618814844975e-46
2.795859675261668898e-46
2.342728985658545931e-46
1.963048026220111788e-46
1.618867685303448575e-46
1.357480563376384743e-46
1.138601896684679015e-46
9.405509993903078179e-47
7.901166513196507894e-47
6.644289718733343135e-47
5.593829439062997493e-47
4.643195908897364068e-47
3.922316275820258523e-47
3.319973581024658582e-47
2.817285949538663922e-47
2.362902435206663157e-47
2.018555361451476443e-47
1.731520966239426709e-47
1.472589816100873462e-47
1.276898262183296380e-47
1.114302280824599001e-47
9.794950362620705134e-48
8.589046249201149097e-48
7.687021023278203174e-48
6.948013066063722984e-48
6.297586766620674317e-48
5.821337880198627186e-48
5.441154842459283562e-48
5.141552555351233982e-48
4.890918322215932024e-48
4.718493781570910160e-48
4.590316321723441853e-48
4.490420839691626387e-48
4.427076590263932189e-48
4.383907888773407571e-48
4.355450856392212269e-48
4.336081513842833690e-48
4.325468935572957057e-48
4.319217826558186272e-48
4.315673952104989188e-48
4.313618800217518679e-48
4.312664397118699768e-48
4.312184556701607035e-48
4.311938893987168201e-48
4.311838445667669116e-48
4.311793676395907920e-48
4.311774484504174474e-48
4.311766148879348658e-48
4.311763268738388906e-48
4.311762173752330081e-48
4.311761753487952250e-48
4.311761625618331310e-48
4.311761582497379937e-48
4.311761568509049794e-48
4.311761563948713594e-48
4.311761562776409336e-48
4.311761562439086660e-48
4.311761562341855085e-48
4.311761562319855753e-48
4.311761562314240454e-48
4.311761562312862154e-48
4.311761562312524264e-48
4.311761562312459846e-48
4.311761562312445868e-48
4.311761562312443437e-48
4.311761562312442830e-48
4.311761562312442830e-48
4.311761562312442830e-48
4.311761562312442830e-48
4.311761562312442830e-48
4.311761562312442830e-48
4.311761562312442830e-48
4.311761562312442830e-48
4.311761562312442830e-48
4.311761562312442830e-48
4.311761562312442830e-48
4.311761562312442830e-48
4.311761562312442830e-48
4.311761562312442830e-48
4.311761562312442830e-48
4.311761562312442830e-48
4.311761562312442830e-48
4.311761562312442830e-48
4.311761562312442830e-48
4.311761562312442830e-48
4.311761562312442830e-48
4.311761562312442830e-48
4.311761562312442830e-48
4.311761562312442830e-48
4.311761562312442830e-48
4.311761562312442830e-48
4.311761562312442830e-48
4.311761562312442830e-48
4.311761562312442830e-48
4.311761562312442830e-48
4.311761562312442830e-48
4.311761562312442830e-48
4.311761562312442830e-48
4.311761562312442830e-48
4.311761562312442830e-48
4.311761562312442830e-48
4.311761562312442830e-48
4.311761562312442830e-48
4.311761562312442830e-48
4.311761562312442830e-48
4.311761562312442830e-48
4.311761562312442830e-48
4.311761562312442830e-48
4.311761562312442830e-48
4.311761562312442830e-48
4.311761562312442830e-48
4.311761562312442830e-48
4.311761562312442830e-48
4.311761562312442830e-48
4.311761562312442830e-48
4.311761562312442830e-48
4.311761562312442830e-48
4.311761562312442830e-48
4.311761562312442830e-48
4.311761562312442830e-48
4.311761562312442830e-48
4.311761562312442830e-48
4.311761562312442830e-48
4.311761562312442830e-48
