1.163387581323533680e+88
2.136567799760714751e+86
4.158161077175756745e+84
5.926317331981865642e+82
1.255748072409474046e+81
2.770745631234297151e+79
6.365833261889662090e+77
1.522882541204530347e+76
3.793309537848405731e+74
9.837826519203310409e+72
2.656424073951684960e+71
5.408295681563971705e+69
1.588724968741229240e+68
4.858687932940556569e+66
1.546892068839040563e+65
5.126967404373710485e+63
1.768925455707691930e+62
6.353249519531040534e+60
1.765302409391885548e+59
6.894935743413742811e+57
2.803142155423034844e+56
1.186186776406239495e+55
5.224484194038837287e+53
2.395000107212602792e+52
1.142691188373727494e+51
4.327281391094564912e+49
2.244426306011924201e+48
1.211502992047438853e+47
6.805533879294701099e+45
3.978397333383248309e+44
2.420204498151552182e+43
1.532087822582218542e+42
1.009235923949480145e+41
5.432559424464056821e+39
3.888714328913205483e+38
2.896365972765812085e+37
2.244587023451970291e+36
1.809859382035674473e+35
1.518337543808407340e+34
1.325246441256908900e+33
9.695173782515357652e+31
9.192299608868283142e+30
9.067038160040115827e+29
9.303982562585837817e+28
9.931706763799635806e+27
1.102858331481703188e+27
1.273930025838412544e+26
1.530701323229776477e+25
1.586671091650119319e+24
2.070093770299159871e+23
2.809164852809043437e+22
3.964941805826245919e+21
5.820453665903558656e+20
8.886383609983442944e+19
1.411006305376666214e+19
1.981949851371596032e+18
3.415659946538192640e+17
6.121407447501524000e+16
1.140797367727686800e+16
2.210709391539212250e+15
4.454567297764946250e+14
9.332850158616723438e+13
1.773411544906509375e+13
4.030634209535723633e+12
9.523981568202702637e+11
2.339515146819487915e+11
5.974136341003762054e+10
1.585787458874969101e+10
4.375349326769036293e+09
1.254741500816219330e+09
3.356460216306792498e+08
1.043302223099683076e+08
3.369976233469016105e+07
1.131096178255613521e+07
3.944514493087219074e+06
1.429128651646898361e+06
5.378881668996512890e+05
1.934404724090993695e+05
7.881497589250914461e+04
3.334732984358313115e+04
1.465024254099302198e+04
6.681811958839282852e+03
3.163271467925374054e+03
1.554140754171642584e+03
7.922557002209013035e+02
3.960871202471528818e+02
2.179325783753071732e+02
1.243136132118229398e+02
7.349091120795895904e+01
4.500913645974302568e+01
2.854504913710921343e+01
1.873736819532087594e+01
1.230337101852422599e+01
8.662038470353943254e+00
6.299175783404510121e+00
4.727618590959005829e+00
3.658224810238881020e+00
2.915291434199389631e+00
2.389601325717123359e+00
2.011765975081785118e+00
1.715736008186648398e+00
1.519241153222342655e+00
1.374065713453862525e+00
1.266697350150572499e+00
1.187554591936027748e+00
1.129674190346615648e+00
1.087867610383543182e+00
1.055969004571629899e+00
1.036023814930534082e+00
1.022535647148974602e+00
1.013673969467717262e+00
1.008033792275347951e+00
1.004564054426327457e+00
1.002504489672862098e+00
1.001249687117543807e+00
1.000636257952411290e+00
1.000312296635434084e+00
1.000147725946866517e+00
1.000067326808217860e+00
1.000029557669702696e+00
1.000012497642291054e+00
1.000005088590421476e+00
1.000001828666218229e+00
1.000000687800168375e+00
1.000000249026676613e+00
1.000000086784907927e+00
1.000000029108487842e+00
1.000000009395880740e+00
1.000000002918540298e+00
1.000000000780123521e+00
1.000000000223563834e+00
1.000000000061640248e+00
1.000000000016350477e+00
1.000000000004172440e+00
1.000000000001024292e+00
1.000000000000242029e+00
1.000000000000055067e+00
1.000000000000010658e+00
1.000000000000002442e+00
1.000000000000000666e+00
1.000000000000000222e+00
1.000000000000000000e+00
1.000000000000000000e+00
1.000000000000000000e+00
1.000000000000000000e+00
1.000000000000000000e+00
1.000000000000000000e+00
1.000000000000000000e+00
1.000000000000000000e+00
1.000000000000000000e+00
1.000000000000000000e+00
1.000000000000000000e+00
1.000000000000000000e+00
1.000000000000000000e+00
1.000000000000000000e+00
1.000000000000000000e+00
1.000000000000000000e+00
1.000000000000000000e+00
1.000000000000000000e+00
1.000000000000000000e+00
1.000000000000000000e+00
1.000000000000000000e+00
1.000000000000000000e+00
1.000000000000000000e+00
1.000000000000000000e+00
1.000000000000000000e+00
1.000000000000000000e+00
1.000000000000000000e+00
1.000000000000000000e+00
1.000000000000000000e+00
1.000000000000000000e+00
1.000000000000000000e+00
1.000000000000000000e+00
1.000000000000000000e+00
1.000000000000000000e+00
1.000000000000000000e+00
1.000000000000000000e+00
1.000000000000000000e+00
1.000000000000000000e+00
1.000000000000000000e+00
1.000000000000000000e+00
1.000000000000000000e+00
1.000000000000000000e+00
1.000000000000000000e+00
1.000000000000000000e+00
1.000000000000000000e+00
1.000000000000000000e+00
1.000000000000000000e+00
1.000000000000000000e+00
1.000000000000000000e+00
1.000000000000000000e+00
1.000000000000000000e+00
1.000000000000000000e+00
1.000000000000000000e+00
1.000000000000000000e+00
1.000000000000000000e+00
1.000000000000000000e+00
1.000000000000000000e+00
1.000000000000000000e+00
1.000000000000000000e+00
