1.347950499088746158e+88
2.487560075783580934e+86
4.864306429943318986e+84
6.967281943223214054e+82
1.482777745020622074e+81
3.285383734917651525e+79
7.578487739446198909e+77
1.819929498793860796e+76
4.549790268531296760e+74
1.184083446318899614e+73
2.315323953809308166e+71
6.553352040026966493e+69
1.930797915535263184e+68
5.921358565359745610e+66
1.890195886851925106e+65
6.280336999270991042e+63
2.171898862271338145e+62
5.789960096494930662e+60
2.176911267588821773e+59
8.518347912229478380e+57
3.469042282352876352e+56
1.470257903300716616e+55
6.484811408174659953e+53
2.976537192654177282e+52
1.080445140025577807e+51
5.389881893985754700e+49
2.797924591953526573e+48
1.511344218836142381e+47
8.494773981637075380e+45
4.968116559736915172e+44
3.023247542195236810e+43
1.492413100980861516e+42
9.867149008438672552e+40
6.787454586816987402e+39
4.857639780858195020e+38
3.616906570758991070e+37
2.801775727195915063e+36
1.799390213726494981e+35
1.513982779017584967e+34
1.325168190547224427e+33
1.206607132884352666e+32
1.142867454585362604e+31
1.126033046273306098e+30
1.154042546148615426e+29
1.005684623528556827e+28
1.119146411884230303e+27
1.295377105057841605e+26
1.559478461978462374e+25
1.952656632484013315e+24
2.542875049745375644e+23
3.444021912261275261e+22
4.067214877416552399e+21
5.979082365428242842e+20
9.140680261357053542e+19
1.453172251486610637e+19
2.402359335314332160e+18
4.129794617797919360e+17
7.382024149480251200e+16
1.179689819190642600e+16
2.287836585384096000e+15
4.613123789801743750e+14
9.670810214317775000e+13
2.107716859450048047e+13
4.775585046225740234e+12
1.124833400097386719e+12
2.428046425946227112e+11
6.201313026541461945e+10
1.646253899741542244e+10
4.542284381024770737e+09
1.302544480193071127e+09
3.881738926086101532e+08
1.202122081178232431e+08
3.496149509713654965e+07
1.173031940610288270e+07
4.089034201294421218e+06
1.480763561079812469e+06
5.570119454442713177e+05
2.176271992883943603e+05
8.830465469560901693e+04
3.445949802528192231e+04
1.512650673879180067e+04
6.893002690542919481e+03
3.260215213301779386e+03
1.600191225022211938e+03
8.148838692745041499e+02
4.304447879545118099e+02
2.236350226908861316e+02
1.274152660963008543e+02
7.523218436126033737e+01
4.601736649646854005e+01
2.914664248075096253e+01
1.910692038383350422e+01
1.295641170589676250e+01
8.807846700454556199e+00
6.396409542184454011e+00
4.793995011351764646e+00
3.704519360316278931e+00
2.948207148956548451e+00
2.413399306304673697e+00
2.000023363224790796e+00
1.728320804969410984e+00
1.528637181022814095e+00
1.381101126538806678e+00
1.271958133803145818e+00
1.191465660528605142e+00
1.132551834301220417e+00
1.086743493188573106e+00
1.057405059415235771e+00
1.037018716753050906e+00
1.023206192973066919e+00
1.014112250775658586e+00
1.008310894410640701e+00
1.004733184638929355e+00
1.002462012822660675e+00
1.001303121331932999e+00
1.000665285017039219e+00
1.000327462417162971e+00
1.000155344804142477e+00
1.000071006500719895e+00
1.000031266081846226e+00
1.000012242493664161e+00
1.000004982933972553e+00
1.000001952862201504e+00
1.000000736850009453e+00
1.000000267646902863e+00
1.000000093579255456e+00
1.000000031491488750e+00
1.000000009188199979e+00
1.000000002853757008e+00
1.000000000852902859e+00
1.000000000245273357e+00
1.000000000067864381e+00
1.000000000018065549e+00
1.000000000004626299e+00
1.000000000001001421e+00
1.000000000000236255e+00
1.000000000000053513e+00
1.000000000000011546e+00
1.000000000000002220e+00
1.000000000000000000e+00
9.999999999999997780e-01
9.999999999999997780e-01
9.999999999999997780e-01
9.999999999999997780e-01
9.999999999999997780e-01
9.999999999999997780e-01
9.999999999999997780e-01
9.999999999999997780e-01
9.999999999999997780e-01
9.999999999999997780e-01
9.999999999999997780e-01
9.999999999999997780e-01
9.999999999999997780e-01
9.999999999999997780e-01
9.999999999999997780e-01
9.999999999999997780e-01
9.999999999999997780e-01
9.999999999999997780e-01
9.999999999999997780e-01
9.999999999999997780e-01
9.999999999999997780e-01
9.999999999999997780e-01
9.999999999999997780e-01
9.999999999999997780e-01
9.999999999999997780e-01
9.999999999999997780e-01
9.999999999999997780e-01
9.999999999999997780e-01
9.999999999999997780e-01
9.999999999999997780e-01
9.999999999999997780e-01
9.999999999999997780e-01
9.999999999999997780e-01
9.999999999999997780e-01
9.999999999999997780e-01
9.999999999999997780e-01
9.999999999999997780e-01
9.999999999999997780e-01
9.999999999999997780e-01
9.999999999999997780e-01
9.999999999999997780e-01
9.999999999999997780e-01
9.999999999999997780e-01
9.999999999999997780e-01
9.999999999999997780e-01
9.999999999999997780e-01
9.999999999999997780e-01
9.999999999999997780e-01
9.999999999999997780e-01
9.999999999999997780e-01
9.999999999999997780e-01
9.999999999999997780e-01
9.999999999999997780e-01
9.999999999999997780e-01
9.999999999999997780e-01
9.999999999999997780e-01
9.999999999999997780e-01
9.999999999999997780e-01
9.999999999999997780e-01
9.999999999999997780e-01
