2.005489320899261545e-35
1.754755058313096799e-35
1.529182497856861675e-35
1.317749519105031636e-35
1.147068994803399839e-35
9.981455973845492761e-36
8.680739044036292112e-36
7.546266161809726136e-36
6.557276903712937957e-36
5.694631283561666062e-36
4.890164886815746278e-36
4.243043135251765825e-36
3.680072780909142262e-36
3.190022937590997706e-36
2.764072129725971099e-36
2.393871669706869260e-36
2.072121418207887863e-36
1.772905226646467733e-36
1.533299915810793335e-36
1.325313893322766234e-36
1.145016175297092336e-36
9.887514310270810603e-37
8.534059145738527780e-37
7.362222885892585756e-37
6.348238700034740747e-37
5.408457989947394069e-37
4.659184212842992849e-37
4.011242335882083176e-37
3.451849362178049025e-37
2.968893318915231527e-37
2.552277707126832441e-37
2.193068907136720847e-37
1.861241493667665570e-37
1.597630577368501916e-37
1.370660251087382819e-37
1.175241742021821316e-37
1.007222059593754877e-37
8.627354365425988240e-38
7.386222729929405493e-38
6.244350810413864830e-38
5.340974837127834379e-38
4.565346703673576730e-38
3.900313184878070359e-38
3.330303768311527662e-38
2.842118333998749648e-38
2.424335700163897331e-38
2.041501095436661269e-38
1.739618680028179636e-38
1.481520815676785090e-38
1.261034582967671282e-38
1.072793355389191923e-38
9.121816954906432113e-39
7.752091967968233001e-39
6.501516925846585453e-39
5.519592394091501528e-39
4.683416116314146771e-39
3.971627349888329286e-39
3.366449864030222607e-39
2.851989697959951907e-39
2.414821585181049137e-39
2.017329583606774993e-39
1.706492524059036829e-39
1.442721452265908597e-39
1.219084590354047775e-39
1.029655016029474672e-39
8.692343658078030344e-40
7.334580258588757409e-40
6.104416382678081965e-40
5.146528035014188338e-40
4.336590081015796931e-40
3.652406101149760361e-40
3.075178946043306634e-40
2.588019632514625547e-40
2.177089847521960183e-40
1.806509624782813197e-40
1.518767988380729501e-40
1.276401487677268410e-40
1.072544899427533372e-40
9.009521032151063508e-41
7.566618059802706694e-41
6.354819663180164512e-41
5.335957805127356496e-41
4.420573080707885998e-41
3.712419299656980766e-41
3.118031951041043343e-41
2.619825373450428030e-41
2.201700847114984386e-41
1.851505328741658336e-41
1.558000190534228596e-41
1.294852358420813631e-41
1.091818282532557690e-41
9.218074433838827042e-42
7.796018378729435976e-42
6.605463721307927191e-42
5.610774138573151797e-42
4.778740826295637671e-42
4.035529531845201862e-42
3.463413282299285326e-42
2.986634379178417751e-42
2.589322068067527818e-42
2.259167981489447884e-42
1.985180739079041037e-42
1.758690162775189806e-42
1.559154710583126604e-42
1.408667314125946128e-42
1.286276099064047713e-42
1.187628169571937332e-42
1.109004133031840599e-42
1.047198707553701837e-42
9.994317918356478496e-43
9.608740442507139787e-43
9.347393852567511813e-43
9.159545328256165346e-43
9.028558506383339683e-43
8.940211209636151022e-43
8.882714616946068204e-43
8.846686530242278524e-43
8.823746465607844251e-43
8.811730095809907003e-43
8.805082283581437613e-43
8.801555412020122027e-43
8.799761614492080788e-43
8.798887128659924389e-43
8.798478536214667166e-43
8.798295575974546212e-43
8.798213416912762545e-43
8.798183318468876426e-43
8.798171497502073913e-43
8.798167049110147654e-43
8.798165445249725376e-43
8.798164891246846883e-43
8.798164707929016695e-43
8.798164647590499658e-43
8.798164631525443801e-43
8.798164626870171156e-43
8.798164625578369566e-43
8.798164625235134728e-43
8.798164625147818953e-43
8.798164625126554362e-43
8.798164625121440537e-43
8.798164625120457600e-43
8.798164625120248905e-43
8.798164625120205891e-43
8.798164625120196333e-43
8.798164625120194739e-43
8.798164625120194739e-43
8.798164625120194739e-43
8.798164625120194739e-43
8.798164625120194739e-43
8.798164625120194739e-43
8.798164625120194739e-43
8.798164625120194739e-43
8.798164625120194739e-43
8.798164625120194739e-43
8.798164625120194739e-43
8.798164625120194739e-43
8.798164625120194739e-43
8.798164625120194739e-43
8.798164625120194739e-43
8.798164625120194739e-43
8.798164625120194739e-43
8.798164625120194739e-43
8.798164625120194739e-43
8.798164625120194739e-43
8.798164625120194739e-43
8.798164625120194739e-43
8.798164625120194739e-43
8.798164625120194739e-43
8.798164625120194739e-43
8.798164625120194739e-43
8.798164625120194739e-43
8.798164625120194739e-43
8.798164625120194739e-43
8.798164625120194739e-43
8.798164625120194739e-43
8.798164625120194739e-43
8.798164625120194739e-43
8.798164625120194739e-43
8.798164625120194739e-43
8.798164625120194739e-43
8.798164625120194739e-43
8.798164625120194739e-43
8.798164625120194739e-43
8.798164625120194739e-43
8.798164625120194739e-43
8.798164625120194739e-43
8.798164625120194739e-43
8.798164625120194739e-43
8.798164625120194739e-43
8.798164625120194739e-43
8.798164625120194739e-43
8.798164625120194739e-43
8.798164625120194739e-43
8.798164625120194739e-43
8.798164625120194739e-43
8.798164625120194739e-43
8.798164625120194739e-43
8.798164625120194739e-43
8.798164625120194739e-43
8.798164625120194739e-43
