4.096019331076356773e-41
3.550899991251278848e-41
3.064002731013763231e-41
2.611158108542568808e-41
2.250899385941303643e-41
1.942283081615064583e-41
1.673035726886017543e-41
1.442174974741434723e-41
1.241319472585331045e-41
1.068828314456817427e-41
9.067083048787752904e-42
7.800183930457215526e-42
6.702192250106806845e-42
5.759615145457742946e-42
4.944945220330320615e-42
4.245230293966539178e-42
3.642163531114248768e-42
3.079936211236085679e-42
2.639702023723206392e-42
2.261811571245993988e-42
1.936790037211869173e-42
1.657855586196778940e-42
1.418337722379791585e-42
1.212858690179884248e-42
1.021740502485274058e-42
8.729998005358982397e-43
7.453599557544623168e-43
6.362021495172463326e-43
5.426663517548557560e-43
4.627489511775402796e-43
3.943374226380828770e-43
3.310700339045237470e-43
2.818438907522659642e-43
2.398823686815614599e-43
2.039982133854995286e-43
1.734547730503172060e-43
1.473620154424933927e-43
1.233213119120875250e-43
1.046565324768419907e-43
8.882668249186111934e-44
7.530380458626441910e-44
6.384916385038763539e-44
5.407609254392228322e-44
4.580224568617921885e-44
3.816691929479569348e-44
3.229888135284316152e-44
2.730215817812601027e-44
2.307683792466832118e-44
1.948897054374977891e-44
1.645597453211065717e-44
1.388600228178169665e-44
1.153049479727584194e-44
9.722032888395005242e-45
8.191385447910164000e-45
6.899987636177073608e-45
5.807501772961832694e-45
4.887528211763544333e-45
4.109909113933625002e-45
3.401151482419767666e-45
2.857698504379108394e-45
2.400410831955377140e-45
2.015161918513505029e-45
1.691204755754288069e-45
1.418647362590008560e-45
1.189466782687095571e-45
9.810390229901265149e-46
8.219545611788642871e-46
6.885706824382283180e-46
5.764703772935989455e-46
4.825318954924710255e-46
4.037705026820609278e-46
3.378153748166759847e-46
2.779586131931174020e-46
2.324522863725645174e-46
1.943797084283152959e-46
1.625033982075897360e-46
1.358617131435256115e-46
1.135840498656078270e-46
9.498324633240459836e-47
7.814680053511516316e-47
6.538050987754402262e-47
5.472559631475676053e-47
4.582715379265242673e-47
3.840254967282999327e-47
3.220764782898975400e-47
2.704124948187416978e-47
2.237781283633164396e-47
1.884686332893158777e-47
1.590437060729004111e-47
1.345166408223985746e-47
1.140929960968797246e-47
9.708443886434364438e-48
8.292821976976738008e-48
7.018321850414933014e-48
6.056049206784627825e-48
5.257779217526341707e-48
4.596478587407066844e-48
4.050006434995090969e-48
3.599912018600379062e-48
3.200622670368838523e-48
2.905181929331738709e-48
2.666163858381015446e-48
2.474599079233228051e-48
2.322877831284797290e-48
2.204435288598865950e-48
2.113569962628598517e-48
2.040030137540063339e-48
1.991360520940707409e-48
1.956676863940215493e-48
1.932691298498387797e-48
1.916635752358855677e-48
1.906255539771338174e-48
1.899784654285548229e-48
1.895639832569607422e-48
1.893509430478784648e-48
1.892330377081222236e-48
1.891703112992235870e-48
1.891382377993885162e-48
1.891224761189401361e-48
1.891150318669745313e-48
1.891114614470656893e-48
1.891100967949354298e-48
1.891095265243751479e-48
1.891092974476119309e-48
1.891092089895548247e-48
1.891091761526468626e-48
1.891091644343341942e-48
1.891091602231483794e-48
1.891091590267153210e-48
1.891091586487050948e-48
1.891091585338861481e-48
1.891091585003573136e-48
1.891091584909445168e-48
1.891091584884040498e-48
1.891091584877187585e-48
1.891091584875740916e-48
1.891091584875395126e-48
1.891091584875315819e-48
1.891091584875298195e-48
1.891091584875294549e-48
1.891091584875293941e-48
1.891091584875293941e-48
1.891091584875293941e-48
1.891091584875293941e-48
1.891091584875293941e-48
1.891091584875293941e-48
1.891091584875293941e-48
1.891091584875293941e-48
1.891091584875293941e-48
1.891091584875293941e-48
1.891091584875293941e-48
1.891091584875293941e-48
1.891091584875293941e-48
1.891091584875293941e-48
1.891091584875293941e-48
1.891091584875293941e-48
1.891091584875293941e-48
1.891091584875293941e-48
1.891091584875293941e-48
1.891091584875293941e-48
1.891091584875293941e-48
1.891091584875293941e-48
1.891091584875293941e-48
1.891091584875293941e-48
1.891091584875293941e-48
1.891091584875293941e-48
1.891091584875293941e-48
1.891091584875293941e-48
1.891091584875293941e-48
1.891091584875293941e-48
1.891091584875293941e-48
1.891091584875293941e-48
1.891091584875293941e-48
1.891091584875293941e-48
1.891091584875293941e-48
1.891091584875293941e-48
1.891091584875293941e-48
1.891091584875293941e-48
1.891091584875293941e-48
1.891091584875293941e-48
1.891091584875293941e-48
1.891091584875293941e-48
1.891091584875293941e-48
1.891091584875293941e-48
1.891091584875293941e-48
1.891091584875293941e-48
1.891091584875293941e-48
1.891091584875293941e-48
1.891091584875293941e-48
1.891091584875293941e-48
1.891091584875293941e-48
1.891091584875293941e-48
1.891091584875293941e-48
1.891091584875293941e-48
1.891091584875293941e-48
1.891091584875293941e-48
1.891091584875293941e-48
1.891091584875293941e-48
1.891091584875293941e-48
1.891091584875293941e-48
