1.983982241606789990e-35
1.736053943616013139e-35
1.512648663743728576e-35
1.303608679869492289e-35
1.134588921222575603e-35
9.873629576408381982e-36
8.585858601173157550e-36
7.464130647328017539e-36
6.485135348073005736e-36
5.632195643141087213e-36
4.836014913102115672e-36
4.196204838679419608e-36
3.639053919330611974e-36
3.154565721271909143e-36
2.733036112835245247e-36
2.367056781938167014e-36
2.048688981855081406e-36
1.752926417071217934e-36
1.515868215289456658e-36
1.310272908549725199e-36
1.131912220810403295e-36
9.774508735518050115e-37
8.435762470451939942e-37
7.277505381154689986e-37
6.274661053968928055e-37
5.345825532387222342e-37
4.604780231446904819e-37
3.964415078295868629e-37
3.411250523476693615e-37
2.933957876584728308e-37
2.522040737823161968e-37
2.167086762581613750e-37
1.839060259491228099e-37
1.578599369727720470e-37
1.354232126278388027e-37
1.161148488552226117e-37
9.950601202981860870e-38
8.522913046881448642e-38
7.296311682408443033e-38
6.168268606778785495e-38
5.275621772492660100e-38
4.509346155103473780e-38
3.852295050038911459e-38
3.289069673338370965e-38
2.806831482434668810e-38
2.394132224457013677e-38
2.016019010696807118e-38
1.717752441359957563e-38
1.462883831959734375e-38
1.245109441072473730e-38
1.059199672160607401e-38
9.005666322526038718e-39
7.653189630737821506e-39
6.418272495819340105e-39
5.448556170277570216e-39
4.622952629824865804e-39
3.920156196340404636e-39
3.322760415533417329e-39
2.814756554356829098e-39
2.383196480476213471e-39
1.990789087522148619e-39
1.683988758662577834e-39
1.423644087609322958e-39
1.202892363748947944e-39
1.015925420015952867e-39
8.575907106696767343e-40
7.236133523769216878e-40
6.022131179911693223e-40
5.076979975889501352e-40
4.277746957555109962e-40
3.602634296218735473e-40
3.033135803894097468e-40
2.552461936654162561e-40
2.147079413555077366e-40
1.781507357829898727e-40
1.497687217861423564e-40
1.258624925098851805e-40
1.057552207125915283e-40
8.883283324719334220e-41
7.460183755779771514e-41
6.265100176244722259e-41
5.260293553295868268e-41
4.357614987815567037e-41
3.659402866940065502e-41
3.073344583458028272e-41
2.582141521958047338e-41
2.169909238415595671e-41
1.824662750369450307e-41
1.535344197018104365e-41
1.275958631727188621e-41
1.075838781951347462e-41
9.082786387009800029e-42
7.681166143617797650e-42
6.507849624224314047e-42
5.527598060328642445e-42
4.707697785858155734e-42
3.975364734619355493e-42
3.411613962142242467e-42
2.941844605839266883e-42
2.550383421956919707e-42
2.225108127696345436e-42
1.955185248575542718e-42
1.732065366157544624e-42
1.535506292234726582e-42
1.387271745929103490e-42
1.266715966692949306e-42
1.169549549204212107e-42
1.092109641313357208e-42
1.031235308475209243e-42
9.841897678196924665e-43
9.462150063327099889e-43
9.204759243746844684e-43
9.019758538824503038e-43
8.890758982530896407e-43
8.803753202856529453e-43
8.747130384918993661e-43
8.711650147645139683e-43
8.689059122525456086e-43
8.677225679395634926e-43
8.670679106701179693e-43
8.667205965563940024e-43
8.665439504197744412e-43
8.664578348233657269e-43
8.664175985403233203e-43
8.663995815201929252e-43
8.663914909222686155e-43
8.663885269899308431e-43
8.663873629270403521e-43
8.663869248748208861e-43
8.663867669359993101e-43
8.663867123810867985e-43
8.663866943290505600e-43
8.663866883872810026e-43
8.663866868052932607e-43
8.663866863468708675e-43
8.663866862196621598e-43
8.663866861858624846e-43
8.663866861772640896e-43
8.663866861751701296e-43
8.663866861746665532e-43
8.663866861745696933e-43
8.663866861745491424e-43
8.663866861745450003e-43
8.663866861745440445e-43
8.663866861745438852e-43
8.663866861745438852e-43
8.663866861745438852e-43
8.663866861745438852e-43
8.663866861745438852e-43
8.663866861745438852e-43
8.663866861745438852e-43
8.663866861745438852e-43
8.663866861745438852e-43
8.663866861745438852e-43
8.663866861745438852e-43
8.663866861745438852e-43
8.663866861745438852e-43
8.663866861745438852e-43
8.663866861745438852e-43
8.663866861745438852e-43
8.663866861745438852e-43
8.663866861745438852e-43
8.663866861745438852e-43
8.663866861745438852e-43
8.663866861745438852e-43
8.663866861745438852e-43
8.663866861745438852e-43
8.663866861745438852e-43
8.663866861745438852e-43
8.663866861745438852e-43
8.663866861745438852e-43
8.663866861745438852e-43
8.663866861745438852e-43
8.663866861745438852e-43
8.663866861745438852e-43
8.663866861745438852e-43
8.663866861745438852e-43
8.663866861745438852e-43
8.663866861745438852e-43
8.663866861745438852e-43
8.663866861745438852e-43
8.663866861745438852e-43
8.663866861745438852e-43
8.663866861745438852e-43
8.663866861745438852e-43
8.663866861745438852e-43
8.663866861745438852e-43
8.663866861745438852e-43
8.663866861745438852e-43
8.663866861745438852e-43
8.663866861745438852e-43
8.663866861745438852e-43
8.663866861745438852e-43
8.663866861745438852e-43
8.663866861745438852e-43
8.663866861745438852e-43
8.663866861745438852e-43
8.663866861745438852e-43
8.663866861745438852e-43
8.663866861745438852e-43
