1.021534125982475523e-40
8.757593646352631912e-41
7.577172219675439315e-41
6.555608747896974622e-41
5.667073974444208479e-41
4.833786249721195293e-41
4.175056002575982553e-41
3.605485603863860918e-41
3.069792499410143636e-41
2.648630907995639771e-41
2.283523277977169295e-41
1.968205657933105832e-41
1.672616874296723889e-41
1.440398910165671076e-41
1.239768749743571851e-41
1.066611150522918008e-41
9.046131304244781535e-42
7.775713406057243264e-42
6.680649256398118493e-42
5.657030364793232585e-42
4.855838857872517263e-42
4.165716281746514285e-42
3.572397256792920005e-42
3.018724211998068790e-42
2.586347417577837171e-42
2.214556889718340920e-42
1.868570606194202091e-42
1.598479507636155705e-42
1.366839838323034496e-42
1.168067535012318508e-42
9.835345031558473103e-43
8.398377961493577544e-43
7.166815103530509445e-43
6.025017091023737691e-43
5.136557224898258261e-43
4.377315057772563164e-43
3.727865602425626623e-43
3.127295435520062909e-43
2.660796414806009785e-43
2.263284511048451872e-43
1.923681906443096977e-43
1.610422338082401959e-43
1.367437758064643766e-43
1.160828270943494998e-43
9.699150366172739373e-44
8.226304314396339215e-44
6.971083299890464486e-44
5.905894124361751220e-44
4.924395703104633074e-44
4.168299270679236108e-44
3.525624575155040091e-44
2.935180413457710642e-44
2.480643414723834293e-44
2.095167050692953604e-44
1.768889799579451579e-44
1.469502730763857553e-44
1.239709350641259778e-44
1.045001992408968722e-44
8.669159165140331993e-45
7.302087739043558474e-45
6.148362646926493368e-45
5.173699545684279741e-45
4.283336459248770210e-45
3.601869987096843355e-45
3.027439254209546658e-45
2.543649512002593432e-45
2.102106139161847768e-45
1.764966438580968935e-45
1.481202502967388490e-45
1.222955186453435226e-45
1.025807326022434458e-45
8.601688878833693682e-46
7.210401616857417621e-46
5.945726911688529946e-46
4.983077366104151070e-46
4.175392733884273908e-46
3.442361940173286938e-46
2.884410421426683284e-46
2.417040440021140000e-46
2.025574644802799793e-46
1.670624218038531732e-46
1.400981621937455089e-46
1.175262702551608697e-46
9.708981454632770424e-47
8.157170740430576560e-47
6.860028212249166739e-47
5.776145520594052757e-47
4.795085925542045781e-47
4.050877376914476032e-47
3.429196414649455506e-47
2.910189795908796534e-47
2.441087370160943521e-47
2.085523653078330795e-47
1.789095628728176457e-47
1.521701965346881585e-47
1.319568385921689466e-47
1.151624026547643650e-47
1.012366830362841868e-47
8.877810175214601810e-48
7.945881167894275822e-48
7.182279055112871724e-48
6.510182680967648021e-48
6.018041096287152268e-48
5.625133702797054646e-48
5.315495981530395466e-48
5.056453605814866516e-48
4.878235319087939384e-48
4.745748736814414566e-48
4.642490001183502138e-48
4.577011527470115807e-48
4.532387357620266253e-48
4.502970183892276373e-48
4.482946931821228836e-48
4.471975876819396331e-48
4.465513527630598396e-48
4.461849858907054285e-48
4.459725215575559974e-48
4.458738529991893085e-48
4.458242456265235725e-48
4.457988480762307098e-48
4.457884632915927270e-48
4.457838348337068985e-48
4.457818506761013340e-48
4.457809888935053571e-48
4.457806911279403090e-48
4.457805779216986908e-48
4.457805344721715036e-48
4.457805212521972998e-48
4.457805167940734573e-48
4.457805153478677999e-48
4.457805148763897985e-48
4.457805147551891011e-48
4.457805147203142660e-48
4.457805147102618478e-48
4.457805147079874086e-48
4.457805147074069788e-48
4.457805147072644085e-48
4.457805147072295256e-48
4.457805147072228407e-48
4.457805147072214430e-48
4.457805147072211391e-48
4.457805147072210783e-48
4.457805147072210783e-48
4.457805147072210783e-48
4.457805147072210783e-48
4.457805147072210783e-48
4.457805147072210783e-48
4.457805147072210783e-48
4.457805147072210783e-48
4.457805147072210783e-48
4.457805147072210783e-48
4.457805147072210783e-48
4.457805147072210783e-48
4.457805147072210783e-48
4.457805147072210783e-48
4.457805147072210783e-48
4.457805147072210783e-48
4.457805147072210783e-48
4.457805147072210783e-48
4.457805147072210783e-48
4.457805147072210783e-48
4.457805147072210783e-48
4.457805147072210783e-48
4.457805147072210783e-48
4.457805147072210783e-48
4.457805147072210783e-48
4.457805147072210783e-48
4.457805147072210783e-48
4.457805147072210783e-48
4.457805147072210783e-48
4.457805147072210783e-48
4.457805147072210783e-48
4.457805147072210783e-48
4.457805147072210783e-48
4.457805147072210783e-48
4.457805147072210783e-48
4.457805147072210783e-48
4.457805147072210783e-48
4.457805147072210783e-48
4.457805147072210783e-48
4.457805147072210783e-48
4.457805147072210783e-48
4.457805147072210783e-48
4.457805147072210783e-48
4.457805147072210783e-48
4.457805147072210783e-48
4.457805147072210783e-48
4.457805147072210783e-48
4.457805147072210783e-48
4.457805147072210783e-48
4.457805147072210783e-48
4.457805147072210783e-48
4.457805147072210783e-48
4.457805147072210783e-48
4.457805147072210783e-48
4.457805147072210783e-48
4.457805147072210783e-48
4.457805147072210783e-48
4.457805147072210783e-48
4.457805147072210783e-48
