1.968666417107433126e-35
1.722825801600521248e-35
1.500871284853054669e-35
1.293604181197925085e-35
1.125702386856678564e-35
9.797325490633951924e-36
8.518351887710967846e-36
7.405988520198728513e-36
6.433831925677881938e-36
5.587981713124940335e-36
4.797516871057420151e-36
4.163035697606127196e-36
3.609900658485880895e-36
3.129446615692312602e-36
2.710979705099157207e-36
2.348051545897843591e-36
2.032038224918836980e-36
1.738774128867322385e-36
1.503487423363491054e-36
1.299617283488005162e-36
1.122606978861112178e-36
9.694447345472456550e-37
8.365977912093952363e-37
7.217488379496841411e-37
6.222440858110863350e-37
5.301457209389492115e-37
4.566153174028025087e-37
3.931223806100521863e-37
3.382419738038880945e-37
2.909184717383976051e-37
2.500558754490190526e-37
2.148664072415914685e-37
1.823314016112685162e-37
1.565123703158523061e-37
1.342576901070986699e-37
1.151167252364761220e-37
9.864300935598522998e-38
8.448867229046763817e-38
7.232480623492973043e-38
6.114376337320596479e-38
5.229272284931264590e-38
4.469660831678558024e-38
3.818255023936859168e-38
3.259814048025693918e-38
2.781807249253762459e-38
2.372724941407288082e-38
1.997963863359981427e-38
1.702226586495056661e-38
1.449674791179595048e-38
1.233821474923508705e-38
1.049564121418440749e-38
8.923280362256357989e-39
7.583120084089230568e-39
6.359302386387974034e-39
5.398181681036780457e-39
4.580067709768131136e-39
3.883683137885082551e-39
3.291825605180753665e-39
2.788345995465041138e-39
2.360771664084743515e-39
1.971966223939583810e-39
1.668045277688937143e-39
1.410134127384420199e-39
1.191419839454913249e-39
1.006189735129198496e-39
8.493351922923487725e-40
7.166397690999200125e-40
5.963835028482018744e-40
5.027738635628797414e-40
4.236072538517153359e-40
3.567371688744081174e-40
3.003341674925998418e-40
2.527254391121923236e-40
2.125813125604500274e-40
1.763788061565762538e-40
1.482754713496828204e-40
1.246034306292301446e-40
1.046933706412324546e-40
8.793918441959379984e-41
7.384824879800414813e-41
6.201564945083210656e-41
5.206688441522885233e-41
4.313004696763493582e-41
3.621849419687998939e-41
3.041691971271426179e-41
2.555450565313663317e-41
2.147387396696148179e-41
1.805643666061379636e-41
1.519294159241167273e-41
1.262574778042238027e-41
1.064522113584081870e-41
8.986999500180836271e-42
7.599834199661957575e-42
6.438731136252518062e-42
5.468700889768846571e-42
4.657400578772584891e-42
3.932775841765534048e-42
3.374945666698610777e-42
2.910139227239900253e-42
2.522818296394355745e-42
2.200994959020963134e-42
1.933949425489231291e-42
1.713215575146485736e-42
1.518763805018498279e-42
1.372124940141656901e-42
1.252868612501169508e-42
1.156751221096613715e-42
1.080149805121849096e-42
1.019934560712796528e-42
9.733997561321339710e-43
9.358377273248838865e-43
9.103786703318806542e-43
8.920802151924736554e-43
8.793209455387996042e-43
8.707153342961025196e-43
8.651149114688985848e-43
8.616056708721765939e-43
8.593712773572129556e-43
8.582008831117390241e-43
8.575533927542094551e-43
8.572098823018284931e-43
8.570351713557970533e-43
8.569499993983498691e-43
8.569102041197540520e-43
8.568923846113071160e-43
8.568843827208598352e-43
8.568814512901831160e-43
8.568802999936831311e-43
8.568798667460467786e-43
8.568797105396384179e-43
8.568796565831774144e-43
8.568796387291769976e-43
8.568796328525930971e-43
8.568796312879616137e-43
8.568796308345689302e-43
8.568796307087560896e-43
8.568796306753272862e-43
8.568796306668233616e-43
8.568796306647523421e-43
8.568796306642543416e-43
8.568796306641585967e-43
8.568796306641382052e-43
8.568796306641340631e-43
8.568796306641331073e-43
8.568796306641329480e-43
8.568796306641329480e-43
8.568796306641329480e-43
8.568796306641329480e-43
8.568796306641329480e-43
8.568796306641329480e-43
8.568796306641329480e-43
8.568796306641329480e-43
8.568796306641329480e-43
8.568796306641329480e-43
8.568796306641329480e-43
8.568796306641329480e-43
8.568796306641329480e-43
8.568796306641329480e-43
8.568796306641329480e-43
8.568796306641329480e-43
8.568796306641329480e-43
8.568796306641329480e-43
8.568796306641329480e-43
8.568796306641329480e-43
8.568796306641329480e-43
8.568796306641329480e-43
8.568796306641329480e-43
8.568796306641329480e-43
8.568796306641329480e-43
8.568796306641329480e-43
8.568796306641329480e-43
8.568796306641329480e-43
8.568796306641329480e-43
8.568796306641329480e-43
8.568796306641329480e-43
8.568796306641329480e-43
8.568796306641329480e-43
8.568796306641329480e-43
8.568796306641329480e-43
8.568796306641329480e-43
8.568796306641329480e-43
8.568796306641329480e-43
8.568796306641329480e-43
8.568796306641329480e-43
8.568796306641329480e-43
8.568796306641329480e-43
8.568796306641329480e-43
8.568796306641329480e-43
8.568796306641329480e-43
8.568796306641329480e-43
8.568796306641329480e-43
8.568796306641329480e-43
8.568796306641329480e-43
8.568796306641329480e-43
8.568796306641329480e-43
8.568796306641329480e-43
8.568796306641329480e-43
8.568796306641329480e-43
8.568796306641329480e-43
8.568796306641329480e-43
