3.849583164912053196e-41
3.334109996880989631e-41
2.878372445587012418e-41
2.451034888298977802e-41
2.113783320724771119e-41
1.823025057547644300e-41
1.570303748890758188e-41
1.353316210396670312e-41
1.164492994534400319e-41
1.002814673393990556e-41
8.620197929919083473e-42
7.315471258077007411e-42
6.282954387332117121e-42
5.400822145061284397e-42
4.634011582532992810e-42
3.979882791918801342e-42
3.411829405892612827e-42
2.927271918937155199e-42
2.471932201517577502e-42
2.118945350787677268e-42
1.813132296531592318e-42
1.552590490911386053e-42
1.327298269523511919e-42
1.135447422888006502e-42
9.697973697856079136e-43
8.169363619885860307e-43
6.970921268025752149e-43
5.951738317369590519e-43
5.073508859134259630e-43
4.327488453828868596e-43
3.685375914033122012e-43
3.140405423571238428e-43
2.671860624594048481e-43
2.241076720880684634e-43
1.905277681426899523e-43
1.620033087291492356e-43
1.375890991720598889e-43
1.168655694126914541e-43
9.915994748817501136e-44
8.414163044214627104e-44
7.026267072123162176e-44
5.955735468512617298e-44
5.044602038217531881e-44
4.270566931264056559e-44
3.614175489850092375e-44
3.056480157843874510e-44
2.584262732445597811e-44
2.183357303936164007e-44
1.815945954923209010e-44
1.532616589796643091e-44
1.293527626166855829e-44
1.090482479351107230e-44
9.193786679405808289e-45
7.744537712685490471e-45
6.522944435078946219e-45
5.403115412170572552e-45
4.546288197088817301e-45
3.823342809883533626e-45
3.213311066786475734e-45
2.699749845447727507e-45
2.267009911817492559e-45
1.903323577404423691e-45
1.571127634932014666e-45
1.318044704293706416e-45
1.104893420549550975e-45
9.260317626465148140e-46
7.757497038449502416e-46
6.496465954039672977e-46
5.438692787994583509e-46
4.551417973432533597e-46
3.746599340802078213e-46
3.133885498919088075e-46
2.621141958430904647e-46
2.191481282745781865e-46
1.832143979609110571e-46
1.531581415395637094e-46
1.280225499291635444e-46
1.052855741944109982e-46
8.802697458963751256e-47
7.361980830140277561e-47
6.158208164717688065e-47
5.153777622336641811e-47
4.315514135548724576e-47
3.615893366437941504e-47
3.032402147209023687e-47
2.505628065866570509e-47
2.106758436968179883e-47
1.774306439804753729e-47
1.497147341053556030e-47
1.266329926485570697e-47
1.074009517839461233e-47
9.139615246280960837e-48
7.697475027376277580e-48
6.608221499102528056e-48
5.703500043190577031e-48
4.952716353713844247e-48
4.331090020866337665e-48
3.817486910797587137e-48
3.394594035994146375e-48
3.047898846310053382e-48
2.742351018773679569e-48
2.518137458848449748e-48
2.338583586578465684e-48
2.196492841742100218e-48
2.085690616727389939e-48
2.000794424253002079e-48
1.937082731756057557e-48
1.886871090074982457e-48
1.854635506401802611e-48
1.832390322710715019e-48
1.817534458938018881e-48
1.807953487109240449e-48
1.801996395983451153e-48
1.798429926832427144e-48
1.796241460163139123e-48
1.795165375529992856e-48
1.794594571304438132e-48
1.794303576275636440e-48
1.794161008140041659e-48
1.794093879763672818e-48
1.794063502274135582e-48
1.794050289901338880e-48
1.794044469402103319e-48
1.794042430373703141e-48
1.794041645576240409e-48
1.794041355211477592e-48
1.794041251937510806e-48
1.794041216626838622e-48
1.794041205020520113e-48
1.794041201187851299e-48
1.794041200190123890e-48
1.794041199899803515e-48
1.794041199818591038e-48
1.794041199796751232e-48
1.794041199791105548e-48
1.794041199789702027e-48
1.794041199789366871e-48
1.794041199789286957e-48
1.794041199789272371e-48
1.794041199789269029e-48
1.794041199789268421e-48
1.794041199789268421e-48
1.794041199789268421e-48
1.794041199789268421e-48
1.794041199789268421e-48
1.794041199789268421e-48
1.794041199789268421e-48
1.794041199789268421e-48
1.794041199789268421e-48
1.794041199789268421e-48
1.794041199789268421e-48
1.794041199789268421e-48
1.794041199789268421e-48
1.794041199789268421e-48
1.794041199789268421e-48
1.794041199789268421e-48
1.794041199789268421e-48
1.794041199789268421e-48
1.794041199789268421e-48
1.794041199789268421e-48
1.794041199789268421e-48
1.794041199789268421e-48
1.794041199789268421e-48
1.794041199789268421e-48
1.794041199789268421e-48
1.794041199789268421e-48
1.794041199789268421e-48
1.794041199789268421e-48
1.794041199789268421e-48
1.794041199789268421e-48
1.794041199789268421e-48
1.794041199789268421e-48
1.794041199789268421e-48
1.794041199789268421e-48
1.794041199789268421e-48
1.794041199789268421e-48
1.794041199789268421e-48
1.794041199789268421e-48
1.794041199789268421e-48
1.794041199789268421e-48
1.794041199789268421e-48
1.794041199789268421e-48
1.794041199789268421e-48
1.794041199789268421e-48
1.794041199789268421e-48
1.794041199789268421e-48
1.794041199789268421e-48
1.794041199789268421e-48
1.794041199789268421e-48
1.794041199789268421e-48
1.794041199789268421e-48
1.794041199789268421e-48
1.794041199789268421e-48
1.794041199789268421e-48
1.794041199789268421e-48
1.794041199789268421e-48
1.794041199789268421e-48
1.794041199789268421e-48
1.794041199789268421e-48
1.794041199789268421e-48
