4.052862458791835409e-41
3.515201843869127456e-41
3.031681316654553784e-41
2.584696955719149995e-41
2.227041252063913090e-41
1.922355530842457071e-41
1.655334529558698315e-41
1.427183878584616798e-41
1.228190233219259439e-41
1.057590890464328908e-41
8.970627018884996149e-42
7.717636298431940979e-42
6.630686552466985157e-42
5.698049503644662829e-42
4.892098846625987890e-42
4.199356584090040336e-42
3.603118059550901250e-42
3.046515079117593945e-42
2.611154486906821941e-42
2.237070905679230275e-42
1.915743525460657335e-42
1.639590830808997198e-42
1.402841712005615613e-42
1.199405686651498710e-42
1.010467841517561850e-42
8.632767222963540988e-43
7.370819795275942867e-43
6.290717595449949405e-43
5.366007780338132916e-43
4.575311030127999867e-43
3.899020112441526953e-43
3.273224907968897511e-43
2.786481132357193084e-43
2.371519417463094385e-43
2.016686861695024525e-43
1.714698420461225662e-43
1.456664510039386171e-43
1.219050266190988055e-43
1.034399441312437982e-43
8.780152419357460869e-44
7.442264209821450678e-44
6.310814625864966068e-44
5.343866733888569560e-44
4.526697487483516054e-44
3.771384691178407647e-44
3.191908342037299590e-44
2.697632407781263432e-44
2.280344125340350612e-44
1.925477847018007847e-44
1.625935452315001965e-44
1.371843451234330654e-44
1.139156652915227580e-44
9.604168282049957995e-45
8.091754899255863388e-45
6.815951361711461776e-45
5.736377157393993529e-45
4.827721170044771287e-45
4.059112298521305273e-45
3.359325246773262920e-45
2.822187102254112782e-45
2.370610346666314270e-45
1.989961192588536041e-45
1.670090219948350961e-45
1.400818215081022722e-45
1.174461132942022585e-45
9.686585610432660852e-46
8.114999028579537237e-46
6.798275852001201307e-46
5.691007811548179277e-46
4.763535848185744078e-46
3.985727717873678508e-46
3.334672464219872723e-46
2.743594618748153288e-46
2.294331700374269237e-46
1.918487323800301842e-46
1.603796546432980495e-46
1.340825492739283730e-46
1.120876571145848922e-46
9.373161731902746361e-47
7.711115375620371952e-47
6.451166493984093624e-47
5.399643846700077763e-47
4.521433909954304738e-47
3.788767944006238595e-47
3.177437078730320655e-47
2.667637989265320375e-47
2.207496047170170269e-47
1.859090856474080967e-47
1.568790457749435103e-47
1.326786220034327045e-47
1.125310921254522501e-47
9.575103783891661875e-48
8.178622454844502172e-48
6.921447832049468542e-48
5.972214467952787704e-48
5.184863360138369134e-48
4.532591186036437287e-48
3.993608190665459165e-48
3.549703006958618193e-48
3.155908284583335973e-48
2.864548435568247250e-48
2.628837794390492786e-48
2.439927278535390963e-48
2.290313020505680751e-48
2.173516511063858977e-48
2.083915873608179336e-48
2.011400846665492033e-48
1.963409971193709890e-48
1.929210551091329742e-48
1.905560103169143688e-48
1.889729010166843083e-48
1.879494019100577711e-48
1.873113709787136165e-48
1.869026933862856362e-48
1.866926377502913514e-48
1.865763847542710196e-48
1.865145376153134552e-48
1.864829138343292727e-48
1.864673731945088154e-48
1.864600333621579030e-48
1.864565130306490190e-48
1.864551675248929886e-48
1.864546052564276820e-48
1.864543793943197975e-48
1.864542921776973570e-48
1.864542598016551194e-48
1.864542482478162890e-48
1.864542440957401555e-48
1.864542429161012166e-48
1.864542425433972048e-48
1.864542424301900434e-48
1.864542423971318548e-48
1.864542423878512059e-48
1.864542423853463815e-48
1.864542423846706921e-48
1.864542423845280914e-48
1.864542423844939986e-48
1.864542423844861590e-48
1.864542423844844270e-48
1.864542423844840624e-48
1.864542423844840016e-48
1.864542423844840016e-48
1.864542423844840016e-48
1.864542423844840016e-48
1.864542423844840016e-48
1.864542423844840016e-48
1.864542423844840016e-48
1.864542423844840016e-48
1.864542423844840016e-48
1.864542423844840016e-48
1.864542423844840016e-48
1.864542423844840016e-48
1.864542423844840016e-48
1.864542423844840016e-48
1.864542423844840016e-48
1.864542423844840016e-48
1.864542423844840016e-48
1.864542423844840016e-48
1.864542423844840016e-48
1.864542423844840016e-48
1.864542423844840016e-48
1.864542423844840016e-48
1.864542423844840016e-48
1.864542423844840016e-48
1.864542423844840016e-48
1.864542423844840016e-48
1.864542423844840016e-48
1.864542423844840016e-48
1.864542423844840016e-48
1.864542423844840016e-48
1.864542423844840016e-48
1.864542423844840016e-48
1.864542423844840016e-48
1.864542423844840016e-48
1.864542423844840016e-48
1.864542423844840016e-48
1.864542423844840016e-48
1.864542423844840016e-48
1.864542423844840016e-48
1.864542423844840016e-48
1.864542423844840016e-48
1.864542423844840016e-48
1.864542423844840016e-48
1.864542423844840016e-48
1.864542423844840016e-48
1.864542423844840016e-48
1.864542423844840016e-48
1.864542423844840016e-48
1.864542423844840016e-48
1.864542423844840016e-48
1.864542423844840016e-48
1.864542423844840016e-48
1.864542423844840016e-48
1.864542423844840016e-48
1.864542423844840016e-48
1.864542423844840016e-48
1.864542423844840016e-48
1.864542423844840016e-48
1.864542423844840016e-48
1.864542423844840016e-48
