1.405074470209289583e+88
3.722439169985548101e+86
1.041415303608341286e+85
2.288038751893793563e+83
6.807400649997630817e+81
2.085843083346098969e+80
6.582710178658567474e+78
2.139889155770031223e+77
7.166086238458352778e+75
2.472394989986384567e+74
6.807748873102182966e+72
2.499517880965424397e+71
9.457587296594029889e+69
3.688222350197204526e+68
1.482544643720979629e+67
6.143188183382008136e+65
2.624319455497402684e+64
9.102357542090589378e+62
4.143826630017063354e+61
1.945423880458616640e+60
9.419626433815627675e+58
4.704372995874326706e+57
2.423596812975733078e+56
1.288105807582310307e+55
7.063456716963073262e+53
3.208613655772019085e+52
1.878067143679575724e+51
1.134511946284221800e+50
7.073812471716871646e+48
4.552886242981097804e+47
3.025179538432425180e+46
2.075338514199167898e+45
1.200820554365613986e+44
8.805729533855260329e+42
6.668933723363499590e+41
5.216673894975364057e+40
4.215213747754508107e+39
3.518653733081664464e+38
3.034637706557519542e+37
2.248379232826983115e+36
2.075736503287555048e+35
1.980516584171798188e+34
1.953127433854825344e+33
1.990997378515952815e+32
2.098171163138430441e+31
2.286037152121763564e+30
2.180219894653734237e+29
2.546443679145012824e+28
3.075874987620786441e+27
3.842781442417651547e+26
4.965997637034083902e+25
6.638843120460519075e+24
9.182151339699833017e+23
1.133101108351687889e+23
1.682360867767155950e+22
2.585001372956039840e+21
4.110868774811203011e+20
6.766708184965101158e+19
1.153006426184664064e+19
2.033927793399512320e+18
3.264021174533738880e+17
6.189228639095308000e+16
1.215310144896923400e+16
2.471393569259876000e+15
5.205200376809617500e+14
1.135558854802794219e+14
2.566218802648607031e+13
5.380903358045116211e+12
1.308728680076821045e+12
3.298061923868908081e+11
8.612200840578355408e+10
2.330482591005921173e+10
6.535560578021424294e+09
1.899557884645524025e+09
5.225687516363911629e+08
1.636265534159191251e+08
5.310926288145279884e+07
1.786950338703693822e+07
6.233004597232418135e+06
2.253924456772567704e+06
8.449853882699874230e+05
3.284236011537584127e+05
1.235899692650270154e+05
5.177618796939656750e+04
2.248779894474452522e+04
1.012560205059385407e+04
4.726415653468213350e+03
2.286927402305108899e+03
1.146952648241822089e+03
5.677347191546141403e+02
3.066319178186358272e+02
1.715838891071464616e+02
9.945638302652159268e+01
5.970034416140583033e+01
3.710037341724613214e+01
2.386057898190943050e+01
1.540597147952922974e+01
1.062451414063995436e+01
7.570857053646268042e+00
5.570434215071189854e+00
4.228444286793002327e+00
3.308259984799756914e+00
2.664766415143338563e+00
2.177629672665228444e+00
1.855299633222095235e+00
1.619948918704954721e+00
1.446881505075367169e+00
1.319223115813111136e+00
1.225180907587525514e+00
1.156311322502212136e+00
1.103218334693095937e+00
1.068560775016628162e+00
1.044371701883542336e+00
1.027903365817262271e+00
1.017009058754950290e+00
1.010029671521290195e+00
1.005711396298688776e+00
1.002990694034486818e+00
1.001577715065708585e+00
1.000801135602227276e+00
1.000391320860325450e+00
1.000183778771526866e+00
1.000082950536618887e+00
1.000035971482164054e+00
1.000014982536214125e+00
1.000005574902873784e+00
1.000002133723021380e+00
1.000000783793647985e+00
1.000000276271562072e+00
1.000000093422968694e+00
1.000000030301932297e+00
1.000000009425527470e+00
1.000000002556857615e+00
1.000000000728678673e+00
1.000000000199046113e+00
1.000000000052106319e+00
1.000000000013069990e+00
1.000000000003140821e+00
1.000000000000722977e+00
1.000000000000141664e+00
1.000000000000029976e+00
1.000000000000006217e+00
1.000000000000001332e+00
1.000000000000000222e+00
1.000000000000000000e+00
1.000000000000000000e+00
1.000000000000000000e+00
1.000000000000000000e+00
1.000000000000000000e+00
1.000000000000000000e+00
1.000000000000000000e+00
1.000000000000000000e+00
1.000000000000000000e+00
1.000000000000000000e+00
1.000000000000000000e+00
1.000000000000000000e+00
1.000000000000000000e+00
1.000000000000000000e+00
1.000000000000000000e+00
1.000000000000000000e+00
1.000000000000000000e+00
1.000000000000000000e+00
1.000000000000000000e+00
1.000000000000000000e+00
1.000000000000000000e+00
1.000000000000000000e+00
1.000000000000000000e+00
1.000000000000000000e+00
1.000000000000000000e+00
1.000000000000000000e+00
1.000000000000000000e+00
1.000000000000000000e+00
1.000000000000000000e+00
1.000000000000000000e+00
1.000000000000000000e+00
1.000000000000000000e+00
1.000000000000000000e+00
1.000000000000000000e+00
1.000000000000000000e+00
1.000000000000000000e+00
1.000000000000000000e+00
1.000000000000000000e+00
1.000000000000000000e+00
1.000000000000000000e+00
1.000000000000000000e+00
1.000000000000000000e+00
1.000000000000000000e+00
1.000000000000000000e+00
1.000000000000000000e+00
1.000000000000000000e+00
1.000000000000000000e+00
1.000000000000000000e+00
1.000000000000000000e+00
1.000000000000000000e+00
1.000000000000000000e+00
1.000000000000000000e+00
1.000000000000000000e+00
1.000000000000000000e+00
1.000000000000000000e+00
1.000000000000000000e+00
