4.156503006651662536e-41
3.601617604580580301e-41
3.109390750589288770e-41
2.648730824934675293e-41
2.284422191155928347e-41
1.970517299542219585e-41
1.697978777574827672e-41
1.463365162572711440e-41
1.259856156102954903e-41
1.084689228382026780e-41
9.203294198501733088e-42
7.916702586178751394e-42
6.803270782190227168e-42
5.846417835438136433e-42
5.019752253192588787e-42
4.309839741812167375e-42
3.697472804349127279e-42
3.127041612741749383e-42
2.680117848700323157e-42
2.296673008246034223e-42
1.966594205529190431e-42
1.683588908667812846e-42
1.440284654283772514e-42
1.231812529190234925e-42
1.037693875605270836e-42
8.867096409901102931e-43
7.570732764422423890e-43
6.462575847980404962e-43
5.512485448436700846e-43
4.701084102703899574e-43
4.006130853891006956e-43
3.363577371053909537e-43
2.863642389262513613e-43
2.437369397383886935e-43
2.072924767811980089e-43
1.762584062699151298e-43
1.497587997869115352e-43
1.253237029440362591e-43
1.063747972263833577e-43
9.027666658520273682e-44
7.654823446119943605e-44
6.489774555437205331e-44
5.497592003867490197e-44
4.655990304995621218e-44
3.880637076204331829e-44
3.283656864721499620e-44
2.776219107613553674e-44
2.346394605114156731e-44
1.981953642310765330e-44
1.673422440888029819e-44
1.412262262304712606e-44
1.172710790681898691e-44
9.888539298747132333e-45
8.332226982027775203e-45
7.018785854074228837e-45
5.908082883354702620e-45
4.972136405021302130e-45
4.181670313980744894e-45
3.460364538177907645e-45
2.907891875529933799e-45
2.442570002950693799e-45
2.050771357230643897e-45
1.721090296339689404e-45
1.443851803825160370e-45
1.210682469816357471e-45
9.985558090682785564e-46
8.367330398800176327e-46
7.009427296610841826e-46
5.868935269558101947e-46
4.912733236342771138e-46
4.111201237039777315e-46
3.439701337567576938e-46
2.830480779022624458e-46
2.367237092156397950e-46
1.979602382529884804e-46
1.655083220197710282e-46
1.383799202472541250e-46
1.157006455518773538e-46
9.675501568939030799e-47
7.961173177146176857e-47
6.660996535479906341e-47
5.575737537325239637e-47
4.669435987720255792e-47
3.913126511385229862e-47
3.282081980352479229e-47
2.755766090493116563e-47
2.280647370686334650e-47
1.920913158122039699e-47
1.621080473373817802e-47
1.371181923725451270e-47
1.163042060994699915e-47
9.897186406136164791e-48
8.454474719782127979e-48
7.155460150092590090e-48
6.174722647135538609e-48
5.361008507361612050e-48
4.686921925025477981e-48
4.129848240905270730e-48
3.670993252775299842e-48
3.263925789081887250e-48
2.962708536519364447e-48
2.719008249886049463e-48
2.523686028721133647e-48
2.368982378600679892e-48
2.248209512772146045e-48
2.155553831432868882e-48
2.080563230261854583e-48
2.030932705571460562e-48
1.995563533450778791e-48
1.971103536421200950e-48
1.954730218853416608e-48
1.944144412124732614e-48
1.937545294122082911e-48
1.933318294012403323e-48
1.931145637059950636e-48
1.929943190524426841e-48
1.929303477882544427e-48
1.928976375906718095e-48
1.928815629636291409e-48
1.928739708767093771e-48
1.928703295424006746e-48
1.928689377829440626e-48
1.928683561831628028e-48
1.928681225551137405e-48
1.928680323394450026e-48
1.928679988500471126e-48
1.928679868988732842e-48
1.928679826040005240e-48
1.928679813837905033e-48
1.928679809982677788e-48
1.928679808811669181e-48
1.928679808469716618e-48
1.928679808373717796e-48
1.928679808347808114e-48
1.928679808340818768e-48
1.928679808339343537e-48
1.928679808338990757e-48
1.928679808338909931e-48
1.928679808338891700e-48
1.928679808338888053e-48
1.928679808338887446e-48
1.928679808338887446e-48
1.928679808338887446e-48
1.928679808338887446e-48
1.928679808338887446e-48
1.928679808338887446e-48
1.928679808338887446e-48
1.928679808338887446e-48
1.928679808338887446e-48
1.928679808338887446e-48
1.928679808338887446e-48
1.928679808338887446e-48
1.928679808338887446e-48
1.928679808338887446e-48
1.928679808338887446e-48
1.928679808338887446e-48
1.928679808338887446e-48
1.928679808338887446e-48
1.928679808338887446e-48
1.928679808338887446e-48
1.928679808338887446e-48
1.928679808338887446e-48
1.928679808338887446e-48
1.928679808338887446e-48
1.928679808338887446e-48
1.928679808338887446e-48
1.928679808338887446e-48
1.928679808338887446e-48
1.928679808338887446e-48
1.928679808338887446e-48
1.928679808338887446e-48
1.928679808338887446e-48
1.928679808338887446e-48
1.928679808338887446e-48
1.928679808338887446e-48
1.928679808338887446e-48
1.928679808338887446e-48
1.928679808338887446e-48
1.928679808338887446e-48
1.928679808338887446e-48
1.928679808338887446e-48
1.928679808338887446e-48
1.928679808338887446e-48
1.928679808338887446e-48
1.928679808338887446e-48
1.928679808338887446e-48
1.928679808338887446e-48
1.928679808338887446e-48
1.928679808338887446e-48
1.928679808338887446e-48
1.928679808338887446e-48
1.928679808338887446e-48
1.928679808338887446e-48
1.928679808338887446e-48
1.928679808338887446e-48
1.928679808338887446e-48
1.928679808338887446e-48
1.928679808338887446e-48
1.928679808338887446e-48
1.928679808338887446e-48
