1.290247086959691040e+88
1.843943804276122157e+86
3.975815412192622257e+84
8.903658309901888270e+82
2.070423970057808319e+81
3.570222273519047053e+79
8.982007943671173981e+77
2.346423669916416745e+76
4.593980232827103506e+74
1.298455966247724266e+73
3.810906354464567751e+71
1.161434556739946539e+70
2.690341906911160418e+68
8.871563668444622817e+66
3.037843681020257219e+65
1.080202978787936489e+64
2.960671966871553214e+62
1.139134058364643017e+61
4.551349808012473413e+59
1.416640274732572933e+58
6.124654336641734705e+56
2.749728248959935954e+55
1.281993211337583202e+54
4.722118145557608369e+52
2.382334753778688437e+51
1.248132722945934247e+50
5.221365962102974291e+48
2.960194030378722359e+47
1.742816613351236051e+46
1.065564106572724951e+45
5.275633275565892478e+43
3.490505495153102633e+42
2.398283937927913487e+41
1.348620471029739943e+40
1.002746835108615915e+39
7.742701195846103564e+37
6.208596746744083548e+36
4.132102066505440394e+35
3.585602567758121550e+34
3.231115552164249928e+33
3.023720120355659630e+32
2.381795127929834932e+31
2.412012718116242909e+30
2.536594524922197368e+29
2.269343388251316501e+28
2.582561883729487495e+27
3.052061114700506890e+26
3.745638398396411294e+25
3.965743300268688859e+24
5.266480663715204248e+23
7.262719268711241980e+22
8.732509224418012037e+21
1.303055968603859583e+21
2.019109407906688860e+20
3.248818236522758963e+19
4.621936092487265280e+18
8.046378528480138240e+17
1.454557147109186560e+17
2.349481893695428400e+16
4.594912983792294000e+15
9.330748041685700000e+14
1.967351413391308750e+14
3.758373628452739844e+13
8.571843860406374023e+12
2.029767769771801270e+12
4.990053790235363770e+11
1.127016456176555634e+11
2.996422209988360214e+10
8.270304045764265060e+09
2.118964843557283401e+09
6.323495453315956593e+08
1.958763240179571509e+08
6.297623512184195966e+07
1.905396016968704015e+07
6.620817994553629309e+06
2.387414086110635661e+06
8.184374697120271157e+05
3.188139483977308264e+05
1.288455487543749041e+05
5.401796230693910911e+04
2.181747357103678951e+04
9.872607029918719491e+03
4.632621323383086747e+03
2.114709211787038839e+03
1.069997492676443244e+03
5.611021295227749306e+02
3.048802695953569923e+02
1.631540661446797742e+02
9.540378909146387798e+01
5.775175236767850606e+01
3.617684399757935410e+01
2.257152645482937814e+01
1.516584024865236024e+01
1.052836274990506382e+01
7.333134861355288692e+00
5.438452124125228160e+00
4.157396241451002616e+00
3.272601562289711552e+00
2.602835454772254753e+00
2.169944558031390969e+00
1.855354025122770256e+00
1.606574776069032984e+00
1.440268562157944299e+00
1.316839818797894468e+00
1.225337968120868259e+00
1.152717482547194416e+00
1.104882772750635400e+00
1.070507836722639716e+00
1.044473705826895804e+00
1.028346421330255556e+00
1.017551081366259380e+00
1.010537234322926414e+00
1.005820792970460120e+00
1.003261946581766484e+00
1.001765994565596340e+00
1.000923045619612761e+00
1.000436672364218404e+00
1.000211731277405702e+00
1.000098992655193531e+00
1.000041424127614320e+00
1.000017935178814987e+00
1.000007483179873979e+00
1.000003008388511416e+00
1.000001066942792560e+00
1.000000396722777074e+00
1.000000142084878973e+00
1.000000044406551769e+00
1.000000014700334505e+00
1.000000004686020905e+00
1.000000001438285713e+00
1.000000000379727583e+00
1.000000000107658771e+00
1.000000000029383385e+00
1.000000000006823653e+00
1.000000000001719735e+00
1.000000000000417222e+00
1.000000000000097478e+00
1.000000000000019096e+00
1.000000000000004219e+00
1.000000000000000888e+00
1.000000000000000222e+00
1.000000000000000000e+00
1.000000000000000000e+00
1.000000000000000000e+00
1.000000000000000000e+00
1.000000000000000000e+00
1.000000000000000000e+00
1.000000000000000000e+00
1.000000000000000000e+00
1.000000000000000000e+00
1.000000000000000000e+00
1.000000000000000000e+00
1.000000000000000000e+00
1.000000000000000000e+00
1.000000000000000000e+00
1.000000000000000000e+00
1.000000000000000000e+00
1.000000000000000000e+00
1.000000000000000000e+00
1.000000000000000000e+00
1.000000000000000000e+00
1.000000000000000000e+00
1.000000000000000000e+00
1.000000000000000000e+00
1.000000000000000000e+00
1.000000000000000000e+00
1.000000000000000000e+00
1.000000000000000000e+00
1.000000000000000000e+00
1.000000000000000000e+00
1.000000000000000000e+00
1.000000000000000000e+00
1.000000000000000000e+00
1.000000000000000000e+00
1.000000000000000000e+00
1.000000000000000000e+00
1.000000000000000000e+00
1.000000000000000000e+00
1.000000000000000000e+00
1.000000000000000000e+00
1.000000000000000000e+00
1.000000000000000000e+00
1.000000000000000000e+00
1.000000000000000000e+00
1.000000000000000000e+00
1.000000000000000000e+00
1.000000000000000000e+00
1.000000000000000000e+00
1.000000000000000000e+00
1.000000000000000000e+00
1.000000000000000000e+00
1.000000000000000000e+00
1.000000000000000000e+00
1.000000000000000000e+00
1.000000000000000000e+00
1.000000000000000000e+00
1.000000000000000000e+00
1.000000000000000000e+00
1.000000000000000000e+00
1.000000000000000000e+00
