3.809617031466678686e-41
3.300191454560851888e-41
2.848107167233122269e-41
2.425983664336230992e-41
2.091395638265268157e-41
1.804404989460420415e-41
1.553504469123365977e-41
1.339420223501749054e-41
1.151958405672030397e-41
9.924571361746749062e-42
8.526750963400591344e-42
7.239380151345554535e-42
6.214511369781424770e-42
5.344257070549831162e-42
4.583307541828586141e-42
3.937830688427757436e-42
3.374361495088278559e-42
2.896080233989375271e-42
2.444596884637200708e-42
2.096219558773116208e-42
1.793004063156487907e-42
1.535805965814598571e-42
1.312497981781151469e-42
1.123077299327255465e-42
9.589309079422895261e-43
8.079891595047248561e-43
6.892159549290784194e-43
5.886065938502598847e-43
5.015873855834826304e-43
4.279402712764580084e-43
3.643266912574047801e-43
3.105270796380459893e-43
2.641130836358821260e-43
2.215842658528717676e-43
1.883271407382984318e-43
1.601633455814720701e-43
1.359906719618100786e-43
1.155274972808732268e-43
9.800135843364698706e-44
8.317176899088132898e-44
6.943832062076566171e-44
5.886425440521706793e-44
4.985179059707760520e-44
4.220363331582092370e-44
3.571396553857141628e-44
3.020294140817002145e-44
2.553543631990328204e-44
2.157305921159576669e-44
1.794287102465840611e-44
1.514152312633873068e-44
1.278029373510880934e-44
1.077232687491870103e-44
9.082809161490158081e-45
7.649903320364664558e-45
6.443769140546848896e-45
5.336628115126612320e-45
4.490536869832031694e-45
3.776168902162003936e-45
3.173596919171860903e-45
2.666220408457379108e-45
2.238736001422325618e-45
1.879619397575491625e-45
1.551356942559791146e-45
1.301520435554270108e-45
1.090934499615387675e-45
9.143331494132399828e-46
7.658787671760790344e-46
6.413809284234724526e-46
5.369166681378569249e-46
4.492952383975950148e-46
3.698444622274911464e-46
3.093342068293495365e-46
2.587279615108945040e-46
2.162966428282635910e-46
1.808259778878151277e-46
1.511555250863262483e-46
1.263404664640819362e-46
1.039006765469008634e-46
8.686241805250092084e-47
7.264557170991740464e-47
6.076259486360601759e-47
5.085030800558464684e-47
4.257776750566649924e-47
3.567328142874051637e-47
2.991570266980286919e-47
2.471772593013604464e-47
2.078196441019873971e-47
1.750188206214927531e-47
1.476725457506649774e-47
1.249015017642559363e-47
1.059273438077782225e-47
9.013974229117116334e-48
7.591303610029479495e-48
6.516849829105987981e-48
5.624460048816663015e-48
4.883919701857482904e-48
4.270823722492418850e-48
3.764261875507310638e-48
3.347191724350002389e-48
3.005276920598481755e-48
2.703953262216085965e-48
2.482844766561422995e-48
2.305783670270490082e-48
2.165666609244956834e-48
2.056406733742199373e-48
1.972693403695581780e-48
1.909870290165654414e-48
1.860359902672247755e-48
1.828574762153414527e-48
1.806640687091190228e-48
1.791992750336240850e-48
1.782545952212690208e-48
1.776672341099430397e-48
1.773155870191454062e-48
1.770998093934278124e-48
1.769937105911432008e-48
1.769374311274759831e-48
1.769087400689507442e-48
1.768946834089202458e-48
1.768880648272077285e-48
1.768850697377048023e-48
1.768837670571198335e-48
1.768831931827872778e-48
1.768829921442952979e-48
1.768829147670849866e-48
1.768828861385508750e-48
1.768828759562558911e-48
1.768828724748028775e-48
1.768828713304792464e-48
1.768828709525978864e-48
1.768828708542271470e-48
1.768828708256030391e-48
1.768828708175959206e-48
1.768828708154426297e-48
1.768828708148859919e-48
1.768828708147476149e-48
1.768828708147145855e-48
1.768828708147066852e-48
1.768828708147052571e-48
1.768828708147049228e-48
1.768828708147048621e-48
1.768828708147048621e-48
1.768828708147048621e-48
1.768828708147048621e-48
1.768828708147048621e-48
1.768828708147048621e-48
1.768828708147048621e-48
1.768828708147048621e-48
1.768828708147048621e-48
1.768828708147048621e-48
1.768828708147048621e-48
1.768828708147048621e-48
1.768828708147048621e-48
1.768828708147048621e-48
1.768828708147048621e-48
1.768828708147048621e-48
1.768828708147048621e-48
1.768828708147048621e-48
1.768828708147048621e-48
1.768828708147048621e-48
1.768828708147048621e-48
1.768828708147048621e-48
1.768828708147048621e-48
1.768828708147048621e-48
1.768828708147048621e-48
1.768828708147048621e-48
1.768828708147048621e-48
1.768828708147048621e-48
1.768828708147048621e-48
1.768828708147048621e-48
1.768828708147048621e-48
1.768828708147048621e-48
1.768828708147048621e-48
1.768828708147048621e-48
1.768828708147048621e-48
1.768828708147048621e-48
1.768828708147048621e-48
1.768828708147048621e-48
1.768828708147048621e-48
1.768828708147048621e-48
1.768828708147048621e-48
1.768828708147048621e-48
1.768828708147048621e-48
1.768828708147048621e-48
1.768828708147048621e-48
1.768828708147048621e-48
1.768828708147048621e-48
1.768828708147048621e-48
1.768828708147048621e-48
1.768828708147048621e-48
1.768828708147048621e-48
1.768828708147048621e-48
1.768828708147048621e-48
1.768828708147048621e-48
1.768828708147048621e-48
1.768828708147048621e-48
1.768828708147048621e-48
1.768828708147048621e-48
1.768828708147048621e-48
1.768828708147048621e-48
