1.007063017183729278e-40
8.635722280818608194e-41
7.469466844363800526e-41
6.463220174302176908e-41
5.586646933132255422e-41
4.765057590950072421e-41
4.115559286741324671e-41
3.553608468630562981e-41
3.025842396150202296e-41
2.610258533434731664e-41
2.250724502247663910e-41
1.939439433531611302e-41
1.648449561228846240e-41
1.419212540219433007e-41
1.221786275638525962e-41
1.050799316270411621e-41
8.914009913830900789e-42
7.659797850578518227e-42
6.582531507623078167e-42
5.572189844939374616e-42
4.783976653740271465e-42
4.102854475122222485e-42
3.519230224871881795e-42
2.972902848778659735e-42
2.547564330613570003e-42
2.180742538994923715e-42
1.840368310673771639e-42
1.573918714744504600e-42
1.346073506527439175e-42
1.150013853652349441e-42
9.684795365843164231e-43
8.267979109204708711e-43
7.056368595259698782e-43
5.931054422403190562e-43
5.056625914659792435e-43
4.308646191844953330e-43
3.669438837099832920e-43
3.078022908344168768e-43
2.618772175939020952e-43
2.227434159003422072e-43
1.893086968715743570e-43
1.584795317728281193e-43
1.345465838737761511e-43
1.142241469600413000e-43
9.542209314587763522e-44
8.093957173556704344e-44
6.857497679027894361e-44
5.810185173623256468e-44
4.843680276488234982e-44
4.100354275017661177e-44
3.467482711702679495e-44
2.886915509512128121e-44
2.439537138678405204e-44
2.060457743173901409e-44
1.739424233498227912e-44
1.444937667081677976e-44
1.218969137729809854e-44
1.027401739259815633e-44
8.523208670404104166e-45
7.178139239281162815e-45
6.044330754975414044e-45
5.085368634102025763e-45
4.210179097873529190e-45
3.540026151909488087e-45
2.975383439538933228e-45
2.499705433470971517e-45
2.065652814410615204e-45
1.734311731226464837e-45
1.455303343017219391e-45
1.201602313960312017e-45
1.007767612297988346e-45
8.450316110222870423e-46
7.082938478216093135e-46
5.840219173227712522e-46
4.894522623767834099e-46
4.100783572284784635e-46
3.380821200337612121e-46
2.832537577401219762e-46
2.373500714993137919e-46
1.988943924293686702e-46
1.640300895994962645e-46
1.375492895218763427e-46
1.153785108217882895e-46
9.531161775712138881e-47
8.007185452987497045e-47
6.733610486934512954e-47
5.669327589687881565e-47
4.706090299225691516e-47
3.975544190947605127e-47
3.365197520292064815e-47
2.855750351758166861e-47
2.395275181155532673e-47
2.046282505575317526e-47
1.755357607133027302e-47
1.492923149526486583e-47
1.294563501217413390e-47
1.129753735585351086e-47
9.931039406431655441e-48
8.708591341655911222e-48
7.794185505834036120e-48
7.044994069967003645e-48
6.385596624195682359e-48
5.902768591771143337e-48
5.517317235024713680e-48
5.213560393811554726e-48
4.959445191287262560e-48
4.784622016837355680e-48
4.654660715370597332e-48
4.553372863605239547e-48
4.489145084812409593e-48
4.445373846081088708e-48
4.416519333349303088e-48
4.396879289066851126e-48
4.386118308557275115e-48
4.379779751413209414e-48
4.376186285081569983e-48
4.374102365819378822e-48
4.373134598561797082e-48
4.372648038022044827e-48
4.372398934042358926e-48
4.372297078411758394e-48
4.372251681849367459e-48
4.372232221006443918e-48
4.372223768558884828e-48
4.372220848049768267e-48
4.372219737715180088e-48
4.372219311559648108e-48
4.372219181897487617e-48
4.372219138172020751e-48
4.372219123987582977e-48
4.372219119363311980e-48
4.372219118174572033e-48
4.372219117832518893e-48
4.372219117733924210e-48
4.372219117711616159e-48
4.372219117705922465e-48
4.372219117704524717e-48
4.372219117704181965e-48
4.372219117704116940e-48
4.372219117704102354e-48
4.372219117704099924e-48
4.372219117704099316e-48
4.372219117704099316e-48
4.372219117704099316e-48
4.372219117704099316e-48
4.372219117704099316e-48
4.372219117704099316e-48
4.372219117704099316e-48
4.372219117704099316e-48
4.372219117704099316e-48
4.372219117704099316e-48
4.372219117704099316e-48
4.372219117704099316e-48
4.372219117704099316e-48
4.372219117704099316e-48
4.372219117704099316e-48
4.372219117704099316e-48
4.372219117704099316e-48
4.372219117704099316e-48
4.372219117704099316e-48
4.372219117704099316e-48
4.372219117704099316e-48
4.372219117704099316e-48
4.372219117704099316e-48
4.372219117704099316e-48
4.372219117704099316e-48
4.372219117704099316e-48
4.372219117704099316e-48
4.372219117704099316e-48
4.372219117704099316e-48
4.372219117704099316e-48
4.372219117704099316e-48
4.372219117704099316e-48
4.372219117704099316e-48
4.372219117704099316e-48
4.372219117704099316e-48
4.372219117704099316e-48
4.372219117704099316e-48
4.372219117704099316e-48
4.372219117704099316e-48
4.372219117704099316e-48
4.372219117704099316e-48
4.372219117704099316e-48
4.372219117704099316e-48
4.372219117704099316e-48
4.372219117704099316e-48
4.372219117704099316e-48
4.372219117704099316e-48
4.372219117704099316e-48
4.372219117704099316e-48
4.372219117704099316e-48
4.372219117704099316e-48
4.372219117704099316e-48
4.372219117704099316e-48
4.372219117704099316e-48
4.372219117704099316e-48
4.372219117704099316e-48
4.372219117704099316e-48
4.372219117704099316e-48
4.372219117704099316e-48
