3.905722239070182529e-41
3.382272656843700531e-41
2.920821842776787300e-41
2.486620649542327488e-41
2.145185718272655326e-41
1.849512570316551460e-41
1.593857350109448692e-41
1.373078058744627616e-41
1.182079416972014367e-41
1.017536535445265680e-41
8.751350338818882496e-42
7.423607799402951953e-42
6.379058761659142790e-42
5.481162891790752177e-42
4.705270150633830144e-42
4.039555460891132683e-42
3.464532175950344391e-42
2.971500543261785114e-42
2.510378092321875851e-42
2.151175378298735166e-42
1.841463334014462257e-42
1.576381445267116356e-42
1.348142684537073885e-42
1.152973230107836611e-42
9.851087482459774721e-43
8.296204031541051244e-43
7.081837066727931539e-43
6.044817787270573087e-43
5.154698054165228918e-43
4.395635686341415054e-43
3.744706435007913577e-43
3.190199307140644710e-43
2.715156381452301530e-43
2.276849898718940142e-43
1.936287879026442483e-43
1.646099303106094841e-43
1.398419578187426502e-43
1.187606907833801463e-43
1.007933487930506117e-43
8.551565501460064813e-44
7.142517184952074422e-44
6.053857124262979410e-44
5.128457540846502087e-44
4.341584489509717424e-44
3.674571522379857048e-44
3.107676457201930318e-44
2.627655860357948862e-44
2.220194107113652053e-44
1.846574525211762523e-44
1.558711303031175812e-44
1.315458192892875166e-44
1.109193611654350030e-44
9.350842960490769615e-45
7.878185508314335835e-45
6.635051969220915441e-45
5.496990844368683592e-45
4.625168947926703775e-45
3.890013158682801974e-45
3.269499472974579368e-45
2.747132465626620267e-45
2.306978295167825746e-45
1.936861483621903229e-45
1.599065266546882903e-45
1.341432366598205209e-45
1.124632779337445972e-45
9.425883446213140280e-46
7.897019089119038151e-46
6.613445521210671469e-46
5.537022194476751617e-46
4.634087962779383629e-46
3.814733270877912533e-46
3.191217936517154523e-46
2.669083073877156470e-46
2.231814703707474468e-46
1.865939870049875796e-46
1.559918805242911919e-46
1.304020056484403840e-46
1.072456734160270391e-46
8.967441692023679729e-47
7.499900854511413991e-47
6.274159747208700304e-47
5.251072092576405254e-47
4.397228685140828557e-47
3.684616818680522691e-47
3.090190948979289880e-47
2.553541355907738326e-47
2.147180602838248242e-47
1.808440752512684718e-47
1.526049276606368798e-47
1.290835293076334096e-47
1.094864659018499732e-47
9.317462450512246599e-48
7.847749672781632648e-48
6.737556758454654380e-48
5.815377481110468669e-48
5.050098506464932170e-48
4.416404417684545019e-48
3.892832512296866690e-48
3.461700574700958947e-48
3.108238019090480810e-48
2.796712021562840437e-48
2.568102975170479463e-48
2.385020668719524215e-48
2.240135672428907401e-48
2.127150204247060922e-48
2.040579443092353012e-48
1.975609795802274826e-48
1.924405427847079398e-48
1.891532136777663417e-48
1.868846504543932850e-48
1.853696268918023761e-48
1.843925341095818089e-48
1.837850065139472266e-48
1.834212810438867574e-48
1.831980893426445654e-48
1.830883435734952315e-48
1.830301291683634132e-48
1.830004514052841358e-48
1.829859112191937064e-48
1.829790649358023435e-48
1.829759667902491648e-48
1.829746192807316223e-48
1.829740256559100416e-48
1.829738176977569769e-48
1.829737376570544678e-48
1.829737080430165527e-48
1.829736975101863196e-48
1.829736939088758136e-48
1.829736927251549655e-48
1.829736923342632800e-48
1.829736922325055855e-48
1.829736922028959440e-48
1.829736921946131046e-48
1.829736921923856723e-48
1.829736921918098611e-48
1.829736921916667439e-48
1.829736921916325599e-48
1.829736921916244165e-48
1.829736921916228972e-48
1.829736921916225629e-48
1.829736921916225022e-48
1.829736921916225022e-48
1.829736921916225022e-48
1.829736921916225022e-48
1.829736921916225022e-48
1.829736921916225022e-48
1.829736921916225022e-48
1.829736921916225022e-48
1.829736921916225022e-48
1.829736921916225022e-48
1.829736921916225022e-48
1.829736921916225022e-48
1.829736921916225022e-48
1.829736921916225022e-48
1.829736921916225022e-48
1.829736921916225022e-48
1.829736921916225022e-48
1.829736921916225022e-48
1.829736921916225022e-48
1.829736921916225022e-48
1.829736921916225022e-48
1.829736921916225022e-48
1.829736921916225022e-48
1.829736921916225022e-48
1.829736921916225022e-48
1.829736921916225022e-48
1.829736921916225022e-48
1.829736921916225022e-48
1.829736921916225022e-48
1.829736921916225022e-48
1.829736921916225022e-48
1.829736921916225022e-48
1.829736921916225022e-48
1.829736921916225022e-48
1.829736921916225022e-48
1.829736921916225022e-48
1.829736921916225022e-48
1.829736921916225022e-48
1.829736921916225022e-48
1.829736921916225022e-48
1.829736921916225022e-48
1.829736921916225022e-48
1.829736921916225022e-48
1.829736921916225022e-48
1.829736921916225022e-48
1.829736921916225022e-48
1.829736921916225022e-48
1.829736921916225022e-48
1.829736921916225022e-48
1.829736921916225022e-48
1.829736921916225022e-48
1.829736921916225022e-48
1.829736921916225022e-48
1.829736921916225022e-48
1.829736921916225022e-48
1.829736921916225022e-48
1.829736921916225022e-48
1.829736921916225022e-48
1.829736921916225022e-48
1.829736921916225022e-48
