1.375506540704461157e-152
8.967528594068571053e-153
5.593146480221599280e-153
3.486758601612734982e-153
2.246922415709488347e-153
1.396871793924755849e-153
8.666804362301487723e-154
5.564059639821780833e-154
3.448194838892578584e-154
2.208556765659104583e-154
1.363312779357466034e-154
8.418505412904117306e-155
5.377409320004482310e-155
3.309396321000409160e-155
2.032949195768624618e-155
1.294187151024906447e-155
7.936096889545928755e-156
4.859375108671132763e-156
3.080019672575292513e-156
1.883131177137854969e-156
1.149308532472701608e-156
7.256516606667084375e-157
4.417880776053364560e-157
2.687009183119683263e-157
1.690960838154492300e-157
1.025366827030278195e-157
6.213174879811489059e-158
3.896214085108059363e-158
2.352673936576817313e-158
1.420886557403157962e-158
8.880108937262428159e-159
5.340390464171891500e-159
3.332409589495637513e-159
2.000160696261500899e-159
1.198591195815366813e-159
7.455022640340256281e-160
4.456925333482782376e-160
2.660933783744090282e-160
1.649229722365490274e-160
9.820541256655809867e-161
5.842708239413866096e-161
3.607989141048235705e-161
2.139836823065112616e-161
1.268885926953900939e-161
7.809930640792427904e-162
4.612108387818267240e-162
2.725809898035898097e-162
1.672065224540436570e-162
9.841607769919104016e-163
6.024332033982534777e-163
3.538712741874278225e-163
2.078786305245098756e-163
1.268338214020776992e-163
7.419953856352959440e-164
4.346320970822888940e-164
2.642831184230632566e-164
1.542335756631514018e-164
9.003221192086486353e-165
5.457707839867620379e-165
3.180438832782285343e-165
1.849701696577417403e-165
1.118850507721698848e-165
6.500730870814595743e-166
3.770546254393391229e-166
2.280189659578043115e-166
1.320958845075174130e-166
7.663512227604450017e-167
4.622000388776544820e-167
2.675031671697594064e-167
1.551896030412091067e-167
9.352141845670659986e-168
5.428306662419648972e-168
3.274255533336116178e-168
1.901131340261860746e-168
1.104795149605372319e-168
6.686952590670753851e-169
3.902951268279005692e-169
2.279796576818018159e-169
1.390999208698094117e-169
8.175440972107542576e-170
4.836014321483426266e-170
2.980507079690470762e-170
1.781935627906301389e-170
1.071957112464971147e-170
6.747392920205237310e-171
4.134399435930353002e-171
2.564791677550027985e-171
1.666268015242423147e-171
1.063012262171482915e-171
7.115687731985114760e-172
4.706324154119379075e-172
3.182302799201286509e-172
2.260935284471184704e-172
1.604061809203548453e-172
1.169458753705763134e-172
8.944961786885943941e-173
6.891419782237317711e-173
5.465448513252212673e-173
4.521162375255275113e-173
3.785563894531633333e-173
3.254434993556944049e-173
2.891535458224240264e-173
2.602369939022326989e-173
2.390781600369708215e-173
2.246015855728734126e-173
2.131940025783291904e-173
2.050566483704600406e-173
1.996990006781849979e-173
1.956897009208001415e-173
1.930155823194304448e-173
1.913855596909884278e-173
1.902671044147559122e-173
1.896290319780269840e-173
1.892206208904697381e-173
1.889919853248469478e-173
1.888754976212446216e-173
1.888089914349425512e-173
1.887760124515917335e-173
1.887610967216904234e-173
1.887535277427914473e-173
1.887502111006871555e-173
1.887488815468458213e-173
1.887482822448891730e-173
1.887480502941864495e-173
1.887479679136394773e-173
1.887479349281841600e-173
1.887479236530776372e-173
1.887479201059870056e-173
1.887479188442330158e-173
1.887479184778067390e-173
1.887479183572285176e-173
1.887479183236907424e-173
1.887479183150665594e-173
1.887479183125449167e-173
1.887479183119256024e-173
1.887479183117846174e-173
1.887479183117479886e-173
1.887479183117400164e-173
1.887479183117384364e-173
1.887479183117380773e-173
1.887479183117380054e-173
1.887479183117380054e-173
1.887479183117380054e-173
1.887479183117380054e-173
1.887479183117380054e-173
1.887479183117380054e-173
1.887479183117380054e-173
1.887479183117380054e-173
1.887479183117380054e-173
1.887479183117380054e-173
1.887479183117380054e-173
1.887479183117380054e-173
1.887479183117380054e-173
1.887479183117380054e-173
1.887479183117380054e-173
1.887479183117380054e-173
1.887479183117380054e-173
1.887479183117380054e-173
1.887479183117380054e-173
1.887479183117380054e-173
1.887479183117380054e-173
1.887479183117380054e-173
1.887479183117380054e-173
1.887479183117380054e-173
1.887479183117380054e-173
1.887479183117380054e-173
1.887479183117380054e-173
1.887479183117380054e-173
1.887479183117380054e-173
1.887479183117380054e-173
1.887479183117380054e-173
1.887479183117380054e-173
1.887479183117380054e-173
1.887479183117380054e-173
1.887479183117380054e-173
1.887479183117380054e-173
1.887479183117380054e-173
1.887479183117380054e-173
1.887479183117380054e-173
1.887479183117380054e-173
1.887479183117380054e-173
1.887479183117380054e-173
1.887479183117380054e-173
1.887479183117380054e-173
1.887479183117380054e-173
1.887479183117380054e-173
1.887479183117380054e-173
1.887479183117380054e-173
1.887479183117380054e-173
1.887479183117380054e-173
1.887479183117380054e-173
1.887479183117380054e-173
1.887479183117380054e-173
1.887479183117380054e-173
1.887479183117380054e-173
1.887479183117380054e-173
1.887479183117380054e-173
1.887479183117380054e-173
1.887479183117380054e-173
1.887479183117380054e-173
