9.646920172215624511e+87
2.070240192014670225e+86
3.503226846349268494e+84
6.192057275685392252e+82
1.517738692204046409e+81
2.915769608038138696e+79
5.848710180982669976e+77
1.612176724878342506e+76
3.514445942805873699e+74
1.046527099970351210e+73
2.479132645332321663e+71
6.131371232612474424e+69
2.052707636454030558e+68
5.516221433530091169e+66
1.547533239918645812e+65
5.823951293926162322e+63
1.775109590299982361e+62
5.647962280625881308e+60
2.388972287849693699e+59
8.257334205918268689e+57
2.979226684363505443e+56
1.416114957948005552e+55
5.549805714766310947e+53
2.270219958625187873e+52
1.212475940844194323e+51
5.386821864553025216e+49
2.497922978451106846e+48
1.498750509461402456e+47
7.547427375760819900e+45
3.966719914129887791e+44
2.673386829032509318e+43
1.525707484065478074e+42
1.109963526064151915e+41
6.878034762922890445e+39
4.447776075464409717e+38
3.633718019426279384e+37
2.551107667800359134e+36
1.868979546995175124e+35
1.714417369132086110e+34
1.363462299697957827e+33
1.131468727836478668e+32
1.165170019398042444e+31
1.049517804705955120e+30
9.863632316700787522e+28
1.140110196873791829e+28
1.162901991820466871e+27
1.237537492800541460e+26
1.605300943141848679e+25
1.853813946082568964e+24
2.594214396583384302e+23
3.250662174285876953e+22
4.249197093769573827e+21
6.671122752767658557e+20
9.460809408888232346e+19
1.399565058309610906e+19
2.464597155815609344e+18
3.954912042280246400e+17
6.619509098660793600e+16
1.307186917273370000e+16
2.372882245420275000e+15
4.492317236137578125e+14
9.945488199717040625e+13
2.041654578743039844e+13
4.370641744266569824e+12
1.084454484122645996e+12
2.516713478073686829e+11
6.089829564179756165e+10
1.692871601757675743e+10
4.439483256487104416e+09
1.213723493142599821e+09
3.778336573904645443e+08
1.119116027115424871e+08
3.752367668408028036e+07
1.203783264748204313e+07
4.024520161276040599e+06
1.509665716118943412e+06
5.463785873413736699e+05
2.060149307301929512e+05
8.638632075401826296e+04
3.523766978223778278e+04
1.496883572204612938e+04
7.008742063378059356e+03
3.218014109081302649e+03
1.537863149079970299e+03
8.028391827983296025e+02
4.141762951209003631e+02
2.222242471882470909e+02
1.290780298772234858e+02
7.463050109458170311e+01
4.643194894476979329e+01
2.888342208636864683e+01
1.864728544401084420e+01
1.283406657904196457e+01
8.884579647038151506e+00
6.369680959423448918e+00
4.821449941408397777e+00
3.687778113067507579e+00
2.911826112846296777e+00
2.402841014513970475e+00
2.008860787043183382e+00
1.725601496718738304e+00
1.532571848045773288e+00
1.379006923097203963e+00
1.266755548987551494e+00
1.189998124091722342e+00
1.129533643712181457e+00
1.086410963526069029e+00
1.058022016128282283e+00
1.036778897904157448e+00
1.022610672274385513e+00
1.013974512497294311e+00
1.008048787901389520e+00
1.004668213551562106e+00
1.002504415067508869e+00
1.001293085346135703e+00
1.000675924562769437e+00
1.000323569844824512e+00
1.000148844781424629e+00
1.000069820164323220e+00
1.000029719168646025e+00
1.000012147360374914e+00
1.000005103288684749e+00
1.000001928143928520e+00
1.000000699252473257e+00
1.000000262794429329e+00
1.000000088035122525e+00
1.000000028298799970e+00
1.000000009506059495e+00
1.000000002821196610e+00
1.000000000879843975e+00
1.000000000241011877e+00
1.000000000063326233e+00
1.000000000017634783e+00
1.000000000004275025e+00
1.000000000000993650e+00
1.000000000000246692e+00
1.000000000000052625e+00
1.000000000000010658e+00
1.000000000000002220e+00
1.000000000000000000e+00
9.999999999999997780e-01
9.999999999999997780e-01
9.999999999999997780e-01
9.999999999999997780e-01
9.999999999999997780e-01
9.999999999999997780e-01
9.999999999999997780e-01
9.999999999999997780e-01
9.999999999999997780e-01
9.999999999999997780e-01
9.999999999999997780e-01
9.999999999999997780e-01
9.999999999999997780e-01
9.999999999999997780e-01
9.999999999999997780e-01
9.999999999999997780e-01
9.999999999999997780e-01
9.999999999999997780e-01
9.999999999999997780e-01
9.999999999999997780e-01
9.999999999999997780e-01
9.999999999999997780e-01
9.999999999999997780e-01
9.999999999999997780e-01
9.999999999999997780e-01
9.999999999999997780e-01
9.999999999999997780e-01
9.999999999999997780e-01
9.999999999999997780e-01
9.999999999999997780e-01
9.999999999999997780e-01
9.999999999999997780e-01
9.999999999999997780e-01
9.999999999999997780e-01
9.999999999999997780e-01
9.999999999999997780e-01
9.999999999999997780e-01
9.999999999999997780e-01
9.999999999999997780e-01
9.999999999999997780e-01
9.999999999999997780e-01
9.999999999999997780e-01
9.999999999999997780e-01
9.999999999999997780e-01
9.999999999999997780e-01
9.999999999999997780e-01
9.999999999999997780e-01
9.999999999999997780e-01
9.999999999999997780e-01
9.999999999999997780e-01
9.999999999999997780e-01
9.999999999999997780e-01
9.999999999999997780e-01
9.999999999999997780e-01
9.999999999999997780e-01
9.999999999999997780e-01
9.999999999999997780e-01
9.999999999999997780e-01
9.999999999999997780e-01
9.999999999999997780e-01
