8.864405525723896277e+87
1.677391687670827931e+86
2.636966192585731221e+84
5.515101586947613096e+82
1.200075868994637546e+81
2.146897466681395165e+79
5.069106219592078243e+77
1.245196220137860285e+76
3.182180536856477292e+74
8.460319845792614392e+72
1.872416408465988334e+71
5.400946685425138840e+69
1.620671603967309556e+68
4.078872967465387431e+66
1.327808169623550820e+65
4.496463174033415729e+63
1.583950913554722132e+62
5.804192419095599051e+60
1.806152467249691298e+59
7.179039100758167873e+57
2.968182474202989384e+56
1.049990185654877292e+55
4.708539176022117890e+53
2.196253333239143606e+52
1.065536622195896912e+51
5.376979974732309667e+49
2.350481722662730499e+48
1.286308225976503141e+47
7.321498650541497382e+45
3.637073546170438386e+44
2.244859439529472800e+43
1.441037812971904115e+42
9.620661062424016512e+40
6.679929432621230438e+39
4.098246438680946352e+38
3.085217959773350383e+37
2.415419799497363502e+36
1.683437223521794756e+35
1.428847191658600185e+34
1.261172407318862648e+33
1.157594590073944612e+32
1.104905900503536891e+31
9.504616803313085737e+29
9.833708300620695943e+28
1.057951684636684726e+28
1.033427701119350500e+27
1.205029726513153940e+26
1.461028571856450140e+25
1.841853922894810001e+24
2.414233049674157046e+23
2.908618572878841486e+22
4.131402146444257788e+21
6.101119854740931871e+20
8.342808839021523763e+19
1.334916625074710733e+19
2.220588785140034304e+18
3.840112314791014400e+17
6.903521177630620800e+16
1.163238470578171600e+16
2.265239473319245500e+15
4.585364530883735000e+14
8.763621405302310938e+13
1.921234615510027344e+13
4.377726657608067383e+12
1.036746511205847900e+12
2.551734559040755615e+11
6.001600349543549347e+10
1.599176700062244987e+10
4.427986007388350487e+09
1.180083027816768885e+09
3.536343621578515172e+08
1.101042374633746296e+08
3.561505458919500560e+07
1.196776913093006238e+07
3.916416735970320180e+06
1.423300665244098520e+06
5.372110706029779976e+05
1.988439326503874036e+05
8.112029754630527168e+04
3.435914963223619270e+04
1.510752868071105877e+04
6.894754977060385499e+03
3.120290334335014450e+03
1.536905467440561779e+03
7.852892076420093872e+02
4.004322954940688533e+02
2.205153241930785555e+02
1.258727440642249746e+02
7.444979480971365149e+01
4.561108563790143933e+01
2.815178500010748408e+01
1.851826495531529204e+01
1.259831712531762449e+01
8.675066974517816831e+00
6.312574593756666630e+00
4.739889722645393100e+00
3.668902424039912180e+00
2.924349535883750573e+00
2.369716074133713324e+00
1.998158787957348581e+00
1.727377516493665555e+00
1.517699419280910123e+00
1.373236052728300960e+00
1.266314287411059558e+00
1.187442333683674578e+00
1.129715784575299420e+00
1.085813975014723098e+00
1.056797720172679034e+00
1.036633473438501429e+00
1.022287673992626322e+00
1.013531502897421444e+00
1.007955876695672659e+00
1.004523778404273315e+00
1.002484997999678162e+00
1.001264959607936600e+00
1.000645622839118953e+00
1.000317740637829633e+00
1.000143694116363502e+00
1.000065539800204073e+00
1.000028801168221460e+00
1.000012192164865477e+00
1.000004971128002351e+00
1.000001838909684082e+00
1.000000693677295827e+00
1.000000251946797869e+00
1.000000082395987588e+00
1.000000027670537417e+00
1.000000008944851304e+00
1.000000002783187458e+00
1.000000000833484837e+00
1.000000000221968888e+00
1.000000000061418648e+00
1.000000000016353807e+00
1.000000000003843370e+00
1.000000000000945244e+00
1.000000000000223599e+00
1.000000000000050848e+00
1.000000000000011102e+00
1.000000000000002220e+00
1.000000000000000444e+00
1.000000000000000000e+00
1.000000000000000000e+00
1.000000000000000000e+00
1.000000000000000000e+00
1.000000000000000000e+00
1.000000000000000000e+00
1.000000000000000000e+00
1.000000000000000000e+00
1.000000000000000000e+00
1.000000000000000000e+00
1.000000000000000000e+00
1.000000000000000000e+00
1.000000000000000000e+00
1.000000000000000000e+00
1.000000000000000000e+00
1.000000000000000000e+00
1.000000000000000000e+00
1.000000000000000000e+00
1.000000000000000000e+00
1.000000000000000000e+00
1.000000000000000000e+00
1.000000000000000000e+00
1.000000000000000000e+00
1.000000000000000000e+00
1.000000000000000000e+00
1.000000000000000000e+00
1.000000000000000000e+00
1.000000000000000000e+00
1.000000000000000000e+00
1.000000000000000000e+00
1.000000000000000000e+00
1.000000000000000000e+00
1.000000000000000000e+00
1.000000000000000000e+00
1.000000000000000000e+00
1.000000000000000000e+00
1.000000000000000000e+00
1.000000000000000000e+00
1.000000000000000000e+00
1.000000000000000000e+00
1.000000000000000000e+00
1.000000000000000000e+00
1.000000000000000000e+00
1.000000000000000000e+00
1.000000000000000000e+00
1.000000000000000000e+00
1.000000000000000000e+00
1.000000000000000000e+00
1.000000000000000000e+00
1.000000000000000000e+00
1.000000000000000000e+00
1.000000000000000000e+00
1.000000000000000000e+00
1.000000000000000000e+00
1.000000000000000000e+00
1.000000000000000000e+00
1.000000000000000000e+00
1.000000000000000000e+00
1.000000000000000000e+00
1.000000000000000000e+00
