2.831083817697490297e-109
2.161456807590821453e-109
1.608804772331327117e-109
1.218183658815586249e-109
9.229361418324099509e-110
6.858603955335371121e-110
5.185127835658996079e-110
3.917185321376523169e-110
2.959766474926833610e-110
2.234249489622588184e-110
1.654208926219343051e-110
1.247903162352700625e-110
9.396718832422579004e-111
6.945569953809956797e-111
5.231889559131467331e-111
3.928673965067833335e-111
2.953167597813152810e-111
2.219231761805456832e-111
1.634478928768943696e-111
1.226967053881683793e-111
9.191785502868736028e-112
6.758973873402944477e-112
5.064988862824894425e-112
3.786807943360497426e-112
2.832840887555238668e-112
2.115995316092561930e-112
1.551386137353255083e-112
1.158564046902844132e-112
8.637229563515494869e-113
6.322203800615082366e-113
4.708317787107302096e-113
3.505473722326530642e-113
2.608970471705173259e-113
1.938802220902751600e-113
1.414687758917051840e-113
1.050227447764756835e-113
7.794258640578348579e-114
5.674033522858830092e-114
4.206153053859849420e-114
3.117756968155511072e-114
2.306020512733558755e-114
1.706453702353509057e-114
1.238344915043860804e-114
9.150369680103983339e-115
6.762460608071000278e-115
4.892306117928505307e-115
3.611393361548888761e-115
2.660794067477158276e-115
1.960144578373732320e-115
1.444848043926147613e-115
1.041675374914814460e-115
7.668468122596890809e-116
5.634431468837617546e-116
4.059164056729607751e-116
2.982539905298282299e-116
2.188985987489451215e-116
1.606467633545692955e-116
1.176852245634160446e-116
8.460112533391833482e-117
6.194445981622616987e-117
4.536707086375408932e-117
3.256869048652831254e-117
2.381924497437088762e-117
1.743330383819820549e-117
1.273017101024337318e-117
9.307809790712661162e-118
6.665949990675364912e-118
4.869309592283380615e-118
3.559468567779936509e-118
2.545849564740053952e-118
1.860780081881905601e-118
1.357374440405976006e-118
9.917813827663786793e-119
7.243686281674587858e-119
5.187670008437512198e-119
3.793844032851190194e-119
2.773444520184162187e-119
1.990855162266486363e-119
1.457746822245082796e-119
1.069149037358938071e-119
7.846214351997655773e-120
5.770072000531822872e-120
4.170062168887484026e-120
3.079294264372001728e-120
2.280762193975272401e-120
1.662235848301915570e-120
1.239970626674599672e-120
9.283931618898336025e-121
6.990145971553312988e-121
5.293687612204666967e-121
3.970066146167396505e-121
3.054086572305485099e-121
2.371264164841446964e-121
1.833642351404432780e-121
1.457371573632262775e-121
1.174222224227945752e-121
9.600912742452192626e-122
7.978343725568419212e-122
6.677566818599750918e-122
5.753354824668132055e-122
5.048563731476949725e-122
4.482470543848347284e-122
4.081363653657787742e-122
3.778270828518698237e-122
3.551215783718161081e-122
3.383101802691985813e-122
3.254149486194661542e-122
3.168385540147529532e-122
3.108530741705480161e-122
3.065813159562137790e-122
3.039682410577414609e-122
3.023018267908779971e-122
3.012749809370526931e-122
3.006645506974166604e-122
3.002990667239569285e-122
3.001134653954673790e-122
3.000151821364619011e-122
2.999630023230204305e-122
2.999395684855389490e-122
2.999285518623463104e-122
2.999235711236690759e-122
2.999214055816646704e-122
2.999204662236225170e-122
2.999201227597403967e-122
2.999199902797148357e-122
2.999199394290370686e-122
2.999199230160002512e-122
2.999199173998449154e-122
2.999199155518506573e-122
2.999199149670985058e-122
2.999199147836932328e-122
2.999199147355411629e-122
2.999199147220253336e-122
2.999199147182731579e-122
2.999199147174039185e-122
2.999199147171875492e-122
2.999199147171357409e-122
2.999199147171238099e-122
2.999199147171211228e-122
2.999199147171205854e-122
2.999199147171205316e-122
2.999199147171204779e-122
2.999199147171204779e-122
2.999199147171204779e-122
2.999199147171204779e-122
2.999199147171204779e-122
2.999199147171204779e-122
2.999199147171204779e-122
2.999199147171204779e-122
2.999199147171204779e-122
2.999199147171204779e-122
2.999199147171204779e-122
2.999199147171204779e-122
2.999199147171204779e-122
2.999199147171204779e-122
2.999199147171204779e-122
2.999199147171204779e-122
2.999199147171204779e-122
2.999199147171204779e-122
2.999199147171204779e-122
2.999199147171204779e-122
2.999199147171204779e-122
2.999199147171204779e-122
2.999199147171204779e-122
2.999199147171204779e-122
2.999199147171204779e-122
2.999199147171204779e-122
2.999199147171204779e-122
2.999199147171204779e-122
2.999199147171204779e-122
2.999199147171204779e-122
2.999199147171204779e-122
2.999199147171204779e-122
2.999199147171204779e-122
2.999199147171204779e-122
2.999199147171204779e-122
2.999199147171204779e-122
2.999199147171204779e-122
2.999199147171204779e-122
2.999199147171204779e-122
2.999199147171204779e-122
2.999199147171204779e-122
2.999199147171204779e-122
2.999199147171204779e-122
2.999199147171204779e-122
2.999199147171204779e-122
2.999199147171204779e-122
2.999199147171204779e-122
2.999199147171204779e-122
2.999199147171204779e-122
2.999199147171204779e-122
2.999199147171204779e-122
2.999199147171204779e-122
2.999199147171204779e-122
2.999199147171204779e-122
2.999199147171204779e-122
2.999199147171204779e-122
2.999199147171204779e-122
2.999199147171204779e-122
2.999199147171204779e-122
